0 0 0 0 0 0 -1 -1
0 0 0 0 0 0 -1 -1
1 521 521 521 521 195 4 4
1 532 532 532 532 222 4 4
1 526 526 526 526 216 4 4
1 525 525 525 525 215 4 4
1 519 519 519 519 221 4 4
1 517 517 517 517 227 4 4
1 528 528 528 528 228 4 4
1 520 520 520 520 222 4 4
1 519 519 519 519 225 4 4
1 524 524 524 524 218 4 4
1 517 517 517 517 221 4 4
1 523 523 523 523 225 4 4
1 525 525 525 525 225 4 4
1 524 524 524 524 216 4 4
1 520 520 520 520 202 4 4
1 518 518 518 518 172 4 4
1 514 514 514 514 182 4 4
1 521 521 521 521 193 4 4
