0 0 0 0 0 0 -1 -1
0 0 0 0 0 0 -1 -1
1 514 514 514 514 217 4 4
1 530 530 530 530 237 4 4
1 520 520 520 520 229 4 4
1 520 520 520 520 221 4 4
1 516 516 516 516 221 4 4
1 528 528 528 528 221 4 4
1 510 510 510 510 221 4 4
1 515 515 515 515 218 4 4
1 509 509 509 509 214 4 4
1 515 515 515 515 220 4 4
1 524 524 524 524 225 4 4
1 515 515 515 515 222 4 4
1 519 519 519 519 218 4 4
1 519 519 519 519 206 4 4
1 511 511 511 511 194 4 4
1 516 516 516 516 183 4 4
1 516 516 516 516 171 4 4
1 511 511 511 511 184 4 4
