0 0 0 0 0 0 -1 -1
0 0 0 0 0 0 -1 -1
1 521 521 521 521 201 4 4
1 532 532 532 532 232 4 4
1 526 526 526 526 230 4 4
1 525 525 525 525 221 4 4
1 519 519 519 519 225 4 4
1 517 517 517 517 235 4 4
1 528 528 528 528 232 4 4
1 520 520 520 520 232 4 4
1 519 519 519 519 235 4 4
1 524 524 524 524 228 4 4
1 517 517 517 517 231 4 4
1 523 523 523 523 237 4 4
1 525 525 525 525 237 4 4
1 524 524 524 524 226 4 4
1 520 520 520 520 214 4 4
1 518 518 518 518 186 4 4
1 514 514 514 514 194 4 4
1 521 521 521 521 203 4 4
