0 0 0 0 0 0 -1 -1
0 0 0 0 0 0 -1 -1
1 400 450 240 241 115 4 4
1 398 432 264 259 117 4 4
1 408 450 246 249 115 4 4
1 400 450 254 243 115 4 4
1 414 444 252 235 109 4 4
1 410 446 250 239 99 4 4
1 416 456 252 245 89 4 4
1 419 453 251 242 100 4 4
1 411 459 249 234 98 4 4
1 409 453 237 236 96 4 4
1 408 446 252 243 85 4 4
1 411 451 245 252 88 4 4
1 415 449 243 252 86 4 4
1 431 447 235 258 106 4 4
1 423 457 223 248 112 4 4
1 412 458 214 235 119 4 4
1 408 458 198 233 125 4 4
1 413 453 221 232 120 4 4
1 417 443 231 236 120 4 4
1 410 454 252 241 105 4 4
1 417 453 259 238 106 4 4
1 406 456 258 241 101 4 4
1 407 451 267 254 98 4 4
1 406 456 264 257 105 4 4
1 410 450 272 253 103 4 4
1 398 444 288 263 113 4 4
1 398 450 278 263 103 4 4
1 402 450 280 251 101 4 4
1 405 447 273 252 104 4 4
1 388 446 304 249 115 4 4
1 391 453 295 244 122 4 4
1 391 437 291 248 118 4 4
1 387 445 289 252 116 4 4
1 383 449 297 270 118 4 4
1 395 443 297 270 130 4 4
1 399 445 295 270 126 4 4
1 377 447 287 268 122 4 4
1 376 444 298 253 119 4 4
1 385 437 287 244 114 4 4
1 384 438 268 239 107 4 4
1 407 445 263 244 104 4 4
1 412 442 252 239 105 4 4
1 405 451 261 242 108 4 4
1 392 460 274 255 117 4 4
1 389 447 285 256 126 4 4
1 392 450 284 261 119 4 4
1 393 455 265 250 108 4 4
1 398 446 276 243 97 4 4
1 386 450 278 245 101 4 4
1 390 448 266 239 109 4 4
1 403 451 265 230 102 4 4
1 413 461 241 224 98 4 4
1 414 460 244 225 85 4 4
1 422 458 258 257 117 4 4
1 415 459 257 258 108 4 4
1 411 463 259 256 118 4 4
1 404 458 252 229 101 4 4
1 403 457 249 240 114 4 4
1 417 453 237 228 100 4 4
1 408 452 260 249 89 4 4
1 414 452 248 231 107 4 4
1 413 455 245 242 132 4 4
1 428 454 224 237 139 4 4
1 428 454 234 241 131 4 4
1 417 447 227 242 132 4 4
1 416 438 238 231 123 4 4
1 419 465 235 222 122 4 4
1 423 451 239 214 118 4 4
1 420 456 252 233 113 4 4
1 411 453 257 238 124 4 4
1 401 455 247 242 128 4 4
1 406 448 248 245 129 4 4
1 418 448 236 241 129 4 4
1 421 441 245 252 150 4 4
1 415 445 235 236 150 4 4
1 419 449 235 248 142 4 4
1 420 460 224 237 149 4 4
1 431 455 249 250 140 4 4
1 409 463 257 254 136 4 4
1 403 457 273 236 114 4 4
1 398 450 266 239 107 4 4
1 406 464 266 241 105 4 4
1 408 468 266 241 105 4 4
1 406 468 266 243 119 4 4
1 417 479 257 242 126 4 4
1 420 458 244 243 159 4 4
1 409 447 235 218 180 4 4
1 419 445 219 208 204 4 4
1 424 428 206 219 225 2 4
1 422 446 210 227 227 2 4
1 418 448 210 243 223 2 4
1 414 440 222 223 191 4 4
1 409 447 225 220 184 4 4
1 421 445 207 244 194 4 4
1 430 446 200 239 189 4 4
1 430 452 210 237 199 4 4
1 426 450 206 233 203 4 4
1 411 445 207 224 192 4 4
1 417 443 223 232 174 4 4
1 407 441 227 236 174 4 4
1 400 438 230 233 171 4 4
1 402 434 228 223 173 4 4
1 410 444 230 217 179 4 4
1 397 447 227 220 170 4 4
1 401 447 235 216 182 4 4
1 402 450 242 219 179 4 4
1 410 436 242 221 179 4 4
1 407 447 241 232 172 4 4
1 407 435 231 218 168 4 4
1 400 456 238 213 163 4 4
1 411 447 237 198 164 4 4
1 412 452 238 199 153 4 4
1 420 446 234 191 167 4 4
1 419 453 237 190 166 4 4
1 406 448 238 201 169 4 4
1 406 464 252 207 177 4 4
1 394 458 242 213 175 4 4
1 387 449 259 212 174 4 4
1 398 458 240 213 147 4 4
1 406 454 244 213 153 4 4
1 411 463 241 220 154 4 4
1 415 455 253 214 158 4 4
1 394 462 246 227 153 4 4
1 394 462 254 237 153 4 4
1 399 473 267 236 150 4 4
1 397 461 261 224 150 4 4
1 406 454 260 221 151 4 4
1 408 458 252 225 163 4 4
1 412 460 246 217 153 4 4
1 412 450 238 225 159 4 4
1 420 450 232 227 165 4 4
1 419 461 229 236 168 4 4
1 417 471 223 246 156 4 4
1 415 465 217 250 154 4 4
1 417 469 217 250 146 4 4
1 414 468 224 245 145 4 4
1 415 461 221 226 144 4 4
1 432 470 238 257 185 4 4
1 434 456 242 261 179 4 4
1 430 464 256 285 201 4 4
1 425 463 237 272 168 4 4
1 419 455 227 260 160 4 4
1 418 454 222 251 149 4 4
1 420 456 226 267 145 4 4
1 424 460 232 269 151 4 4
1 422 456 232 277 153 4 4
1 430 446 240 283 183 4 4
1 428 456 240 283 173 4 4
1 421 445 233 274 170 4 4
1 420 458 220 275 141 4 4
1 424 448 232 281 161 4 4
1 429 453 227 274 160 4 4
1 443 445 219 268 188 4 4
1 444 458 220 277 205 4 4
1 449 453 233 292 238 2 4
1 447 445 239 298 218 4 4
1 443 437 255 300 200 4 4
1 443 461 261 308 178 4 4
1 443 465 275 306 170 4 4
1 448 460 278 307 143 4 4
1 421 457 263 288 116 4 4
1 427 455 261 280 96 4 4
1 430 452 252 291 121 4 4
1 429 437 245 286 140 4 4
1 440 454 256 295 163 4 4
1 443 457 257 298 170 4 4
1 426 450 270 287 129 4 4
1 425 449 263 274 116 4 4
1 422 446 256 267 91 4 4
1 415 445 253 260 108 4 4
1 417 451 265 250 98 4 4
1 414 454 258 255 95 4 4
1 419 435 253 228 178 4 4
1 430 432 240 175 243 3 3
1 438 428 250 117 293 3 3
1 446 424 252 123 285 3 3
1 435 419 259 114 294 3 3
1 459 431 263 148 300 3 3
1 432 426 256 145 297 3 3
1 452 414 256 131 299 3 3
1 437 411 237 126 294 3 3
1 438 414 230 125 287 3 3
1 444 420 228 125 289 3 3
1 450 426 238 143 287 3 3
1 452 424 238 143 293 3 3
1 441 425 249 142 302 3 3
1 427 429 245 108 274 3 3
1 427 435 243 110 270 3 3
1 430 436 238 121 271 3 3
1 423 421 243 120 272 3 3
1 431 421 241 112 270 3 3
1 430 422 234 119 271 3 3
1 434 418 226 117 277 3 3
1 439 417 213 116 276 3 3
1 444 424 208 117 283 3 3
1 450 416 208 119 273 3 3
1 444 430 206 125 281 3 3
1 442 428 210 121 285 3 3
1 451 429 205 126 290 3 3
1 455 433 213 130 284 3 3
1 465 425 231 158 296 3 3
1 452 434 238 157 305 3 3
1 454 422 238 157 293 3 3
1 451 433 223 150 282 3 3
1 437 439 233 130 286 3 3
1 447 423 245 142 292 3 3
1 445 419 233 132 284 3 3
1 434 426 224 131 281 3 3
1 447 427 225 132 282 3 3
1 436 438 222 125 283 3 3
1 457 435 221 134 286 3 3
1 441 433 227 126 284 3 3
1 439 429 229 134 286 3 3
1 450 430 226 129 287 3 3
1 453 431 215 132 292 3 3
1 449 425 203 118 280 3 3
1 443 429 197 112 278 3 3
1 444 428 202 131 277 3 3
1 439 439 215 112 270 3 3
1 431 433 217 100 258 3 3
1 409 447 225 94 248 3 3
1 423 449 231 106 254 3 3
1 418 442 234 101 257 3 3
1 420 440 226 89 259 3 3
1 420 440 224 91 261 3 3
1 420 430 218 109 261 3 3
1 421 437 223 104 268 3 3
1 416 442 234 109 249 3 3
1 414 434 258 109 245 3 3
1 412 438 266 127 239 3 3
1 423 441 267 134 242 3 3
1 413 447 271 130 242 3 3
1 413 445 269 130 230 3 3
1 414 438 250 131 237 3 3
1 415 433 223 118 258 3 3
1 422 442 218 113 253 3 3
1 427 445 249 122 250 3 3
1 425 435 249 126 252 3 3
1 442 426 228 149 269 3 3
1 426 436 218 133 265 3 3
1 429 437 237 152 276 3 3
1 435 429 219 122 254 3 3
1 436 444 220 101 263 3 3
1 441 439 205 118 254 3 3
1 433 427 213 106 282 3 3
1 450 434 216 107 279 3 3
1 446 434 232 109 281 3 3
1 442 434 230 101 269 3 3
1 438 422 246 103 265 3 3
1 432 430 240 99 259 3 3
1 435 415 241 104 262 3 3
1 439 409 239 100 268 3 3
1 438 420 248 107 271 3 3
1 449 433 241 112 270 3 3
1 442 426 244 121 275 3 3
1 445 423 235 118 274 3 3
1 457 423 243 122 282 3 3
1 459 423 239 120 272 3 3
1 447 425 237 120 278 3 3
1 453 427 253 122 282 3 3
1 425 433 269 128 270 3 3
1 418 428 270 129 253 3 3
1 415 427 249 116 256 3 3
1 421 409 245 116 254 3 3
1 432 432 244 113 261 3 3
1 429 427 249 112 264 3 3
1 434 434 258 127 257 3 3
1 411 451 271 132 254 3 3
1 397 449 277 134 236 3 3
1 411 439 275 132 244 3 3
1 422 436 258 133 251 3 3
1 424 444 252 123 243 3 3
1 416 444 266 127 243 3 3
1 402 438 276 131 241 3 3
1 424 432 254 133 243 3 3
1 424 426 236 127 259 3 3
1 432 422 230 121 259 3 3
1 429 425 233 106 262 3 3
1 426 416 228 101 259 3 3
1 417 425 231 104 268 3 3
1 422 430 236 97 263 3 3
1 420 432 234 103 259 3 3
1 418 432 242 109 253 3 3
1 419 425 249 114 250 3 3
1 412 432 262 123 259 3 3
1 407 429 253 120 254 3 3
1 410 426 244 121 263 3 3
1 406 430 246 119 259 3 3
1 419 431 245 120 254 3 3
1 412 440 242 119 261 3 3
1 418 432 232 119 269 3 3
1 414 432 228 125 257 3 3
1 428 426 228 135 263 3 3
1 404 424 230 129 265 3 3
1 412 434 238 121 257 3 3
1 420 430 242 115 261 3 3
1 412 424 250 125 255 3 3
1 415 417 253 134 254 3 3
1 407 419 253 140 254 3 3
1 406 422 246 125 259 3 3
1 421 423 243 114 258 3 3
1 430 420 250 127 265 3 3
1 429 437 241 118 268 3 3
1 421 417 249 138 256 3 3
1 414 426 244 133 259 3 3
1 417 433 233 124 258 3 3
1 410 432 244 125 251 3 3
1 402 434 254 141 239 3 3
1 402 434 264 155 237 3 3
1 397 429 259 150 242 3 3
1 404 426 258 143 237 3 3
1 403 425 259 148 244 3 3
1 413 425 253 140 254 3 3
1 421 427 255 140 270 3 3
1 427 429 245 120 272 3 3
1 420 428 248 125 259 3 3
1 423 435 239 128 258 3 3
1 417 447 235 132 252 3 3
1 411 423 239 138 260 3 3
1 422 418 240 123 271 3 3
1 446 424 240 127 281 3 3
1 437 429 243 128 288 3 3
1 424 416 248 129 283 3 3
1 430 422 256 123 281 3 3
1 436 424 256 125 271 3 3
1 442 428 256 121 273 3 3
1 443 419 251 120 276 3 3
1 437 419 251 118 290 3 3
1 433 415 249 120 284 3 3
1 435 427 235 124 274 3 3
1 440 436 236 133 273 3 3
1 427 427 247 142 270 3 3
1 429 431 245 128 268 3 3
1 429 417 253 124 272 3 3
1 422 428 256 113 275 3 3
1 427 431 249 124 280 3 3
1 439 431 235 114 274 3 3
1 434 412 238 103 279 3 3
1 441 407 229 110 284 3 3
1 444 410 230 109 287 3 3
1 436 418 232 111 285 3 3
1 446 428 226 99 277 3 3
1 448 424 218 113 275 3 3
1 445 421 221 118 282 3 3
1 439 419 221 124 278 3 3
1 433 421 223 114 286 3 3
1 451 441 197 144 268 3 3
1 453 435 173 176 254 2 2
1 436 444 136 205 219 2 2
1 440 444 126 207 199 2 2
1 430 440 122 189 191 2 2
1 442 440 120 209 221 2 2
1 443 445 119 206 232 2 2
1 460 432 128 231 283 2 2
1 465 445 131 218 264 2 2
1 443 457 135 212 260 2 2
1 449 445 113 194 212 2 2
1 440 446 120 191 209 2 2
1 444 448 118 199 215 2 2
1 443 451 105 202 220 2 2
1 443 451 101 194 214 2 2
1 443 455 93 192 212 2 2
1 442 442 100 191 205 2 2
1 449 445 93 204 232 2 2
1 452 442 80 205 243 2 2
1 455 451 75 212 256 2 2
1 449 451 81 206 242 2 2
1 455 455 91 222 244 2 2
1 443 449 93 224 256 2 2
1 449 449 93 216 264 2 2
1 447 453 77 208 250 2 2
1 456 444 76 217 261 2 2
1 466 444 76 209 269 2 2
1 467 439 77 208 270 2 2
1 473 437 83 218 278 2 2
1 469 443 87 226 288 2 2
1 469 433 83 232 292 2 2
1 473 435 89 236 294 2 2
1 470 438 98 241 301 2 2
1 481 441 111 250 312 2 2
1 481 435 117 240 312 2 2
1 473 433 121 242 306 2 2
1 474 438 96 229 291 2 2
1 459 445 79 224 288 2 2
1 455 449 57 228 268 2 2
1 448 450 64 227 265 2 2
1 450 438 70 225 255 2 2
1 441 451 81 220 254 2 2
1 448 448 82 233 251 2 2
1 435 461 101 216 248 2 2
1 438 448 92 221 247 2 2
1 437 439 79 224 240 2 2
1 443 443 77 238 248 2 2
1 448 448 66 229 255 2 2
1 446 452 58 239 257 2 2
1 446 456 60 241 265 2 2
1 445 449 71 224 254 2 2
1 432 460 88 215 235 2 2
1 435 459 119 214 218 2 2
1 430 450 130 211 199 2 2
1 430 446 142 221 191 2 2
1 444 450 130 219 205 2 2
1 433 443 107 226 230 2 2
1 445 451 97 238 240 2 2
1 431 457 109 220 220 2 2
1 424 446 124 195 205 2 2
1 425 447 141 186 192 2 2
1 420 446 136 191 205 2 2
1 415 441 113 196 202 2 2
1 433 443 89 210 212 2 2
1 435 449 95 212 224 2 2
1 436 450 100 207 229 2 2
1 432 452 118 199 221 2 2
1 432 450 118 193 211 2 2
1 433 441 125 180 202 2 2
1 430 444 126 185 207 2 2
1 433 441 141 188 214 2 2
1 435 449 145 184 208 2 2
1 431 435 123 186 206 2 2
1 438 438 122 187 213 2 2
1 450 444 126 193 231 2 2
1 435 453 143 172 224 2 2
1 437 445 145 168 222 2 2
1 435 435 149 168 216 2 2
1 444 436 148 165 221 2 2
1 444 434 144 175 223 2 2
1 447 431 147 178 232 2 2
1 451 435 145 182 238 2 2
1 444 436 144 173 231 2 2
1 438 432 154 175 237 2 2
1 438 430 160 183 237 2 2
1 433 439 147 192 260 2 2
1 445 433 137 196 260 2 2
1 446 438 150 227 251 2 2
1 443 455 167 248 224 2 2
1 427 455 177 236 202 2 2
1 429 455 169 224 198 2 2
1 429 449 165 226 202 2 2
1 443 447 171 240 218 2 2
1 437 463 159 232 218 2 2
1 422 438 166 207 209 2 2
1 430 444 156 193 197 2 2
1 432 436 176 201 195 2 2
1 441 459 165 212 206 2 2
1 432 460 148 217 217 2 2
1 422 448 142 207 215 2 2
1 430 448 150 213 207 2 2
1 424 448 144 211 205 2 2
1 428 450 130 197 199 2 2
1 437 441 129 184 198 2 2
1 428 434 150 185 205 2 2
1 432 440 138 193 221 2 2
1 432 442 124 187 221 2 2
1 444 442 132 207 237 2 2
1 430 448 144 203 231 2 2
1 441 447 119 210 238 2 2
1 435 451 105 194 206 2 2
1 449 453 105 192 204 2 2
1 441 449 119 190 200 2 2
1 434 440 118 191 209 2 2
1 441 445 117 198 214 2 2
1 447 441 123 208 236 2 2
1 445 449 131 212 232 2 2
1 444 442 138 205 235 2 2
1 454 448 128 195 215 2 2
1 446 442 120 193 225 2 2
1 440 452 112 201 223 2 2
1 436 444 118 203 215 2 2
1 441 443 109 200 218 2 2
1 434 450 118 199 207 2 2
1 436 450 114 223 223 2 2
1 433 447 109 234 236 2 2
1 440 446 102 231 241 2 2
1 442 450 118 213 227 2 2
1 449 449 111 214 218 2 2
1 432 442 120 227 207 2 2
1 433 443 107 222 230 2 2
1 428 446 112 229 219 2 2
1 438 430 94 229 233 2 2
1 445 443 89 228 240 2 2
1 454 446 92 225 241 2 2
1 455 447 103 238 258 2 2
1 459 441 107 244 276 2 2
1 458 442 92 225 289 2 2
1 463 437 65 214 280 2 2
1 467 449 71 216 268 2 2
1 454 436 70 211 271 2 2
1 456 436 72 219 269 2 2
1 459 445 77 228 260 2 2
1 459 453 73 236 262 2 2
1 461 441 81 236 270 2 2
1 461 457 83 238 258 2 2
1 452 446 76 239 259 2 2
1 454 452 76 235 265 2 2
1 453 461 77 226 260 2 2
1 456 452 72 221 261 2 2
1 462 454 68 223 269 2 2
1 461 439 75 236 288 2 2
1 471 439 79 244 294 2 2
1 467 445 75 238 296 2 2
1 463 437 69 232 292 2 2
1 468 442 62 233 285 2 2
1 468 444 66 227 289 2 2
1 469 443 87 244 306 2 2
1 470 434 104 237 309 2 2
1 469 433 101 228 298 2 2
1 461 433 77 224 270 2 2
1 457 441 59 220 268 2 2
1 459 447 61 222 270 2 2
1 455 453 67 224 264 2 2
1 470 450 92 235 283 2 2
1 466 450 106 231 279 2 2
1 458 440 100 227 281 2 2
1 452 446 68 219 261 2 2
1 448 442 62 227 267 2 2
1 451 443 61 224 266 2 2
1 457 447 71 236 278 2 2
1 460 438 86 235 299 2 2
1 464 440 96 231 289 2 2
1 465 447 85 220 282 2 2
1 486 416 306 349 399 2 2
1 488 348 426 419 447 1 1
1 482 214 486 431 463 1 1
1 483 213 481 446 472 1 1
1 497 193 463 430 452 1 1
1 489 195 483 452 478 1 1
1 484 206 490 471 491 1 1
1 489 223 503 460 484 1 1
1 504 220 480 445 475 1 1
1 492 198 470 445 461 1 1
1 479 211 471 458 460 1 1
1 485 217 499 458 472 1 1
1 511 241 477 454 452 1 1
1 506 232 486 459 461 1 1
1 504 244 482 461 457 1 1
1 497 257 481 460 458 1 1
1 495 263 485 464 468 1 1
1 502 254 476 459 463 1 1
1 501 245 477 464 462 1 1
1 496 256 480 461 463 1 1
1 497 271 479 468 462 1 1
1 492 288 486 473 477 1 1
1 494 296 490 477 481 1 1
1 497 295 487 472 478 1 1
1 493 291 491 464 468 1 1
1 499 319 497 474 484 1 1
1 483 299 487 448 460 1 1
1 501 289 491 466 482 1 1
1 505 255 477 468 474 1 1
1 480 270 486 475 489 1 1
1 496 242 476 447 475 1 1
1 503 233 451 434 470 1 1
1 497 185 459 444 464 1 1
1 494 186 460 439 459 1 1
1 488 196 450 433 449 1 1
1 487 199 469 442 464 1 1
1 495 189 469 440 464 1 1
1 508 188 462 435 473 1 1
1 503 187 471 440 472 1 1
1 488 188 454 427 453 1 1
1 500 192 472 449 465 1 1
1 513 185 471 438 464 1 1
1 505 185 473 442 472 1 1
1 498 186 466 437 475 1 1
1 497 181 465 434 464 1 1
1 484 182 474 439 469 1 1
1 502 184 476 443 475 1 1
1 486 192 462 433 463 1 1
1 496 190 470 449 457 1 1
1 510 182 474 451 477 1 1
1 492 182 474 443 473 1 1
1 494 192 502 457 493 1 1
1 493 179 479 450 470 1 1
1 512 170 480 443 461 1 1
1 491 171 473 448 464 1 1
1 496 176 486 457 471 1 1
1 504 174 488 457 475 1 1
1 509 177 483 452 474 1 1
1 512 166 480 445 467 1 1
1 526 170 486 457 477 1 1
1 522 176 494 451 477 1 1
1 507 181 483 448 472 1 1
1 504 182 476 453 471 1 1
1 520 162 468 443 465 1 1
1 500 172 474 435 465 1 1
1 503 183 463 434 456 1 1
1 509 181 477 442 462 1 1
1 507 197 453 426 454 1 1
1 487 203 467 432 458 1 1
1 496 194 454 431 469 1 1
1 505 209 443 426 464 1 1
1 503 215 441 418 448 1 1
1 494 216 428 399 447 1 1
1 487 235 401 376 426 1 1
1 494 248 414 379 427 1 1
1 482 258 402 379 419 1 1
1 484 244 416 389 435 1 1
1 482 252 404 389 435 1 1
1 476 248 400 401 433 1 1
1 486 234 416 403 435 1 1
1 492 248 412 401 435 1 1
1 496 258 402 387 431 1 1
1 459 287 363 380 396 1 1
1 470 294 358 375 389 1 1
1 463 281 363 372 398 1 1
1 464 280 376 379 393 1 1
1 478 296 380 387 405 1 1
1 473 321 437 416 432 1 1
1 492 314 464 445 465 1 1
1 482 284 476 467 481 1 1
1 485 293 471 448 468 1 1
1 498 310 486 449 491 1 1
1 464 290 486 451 485 1 1
1 466 268 478 439 467 1 1
1 479 257 483 458 464 1 1
1 477 265 485 460 468 1 1
1 471 263 485 458 460 1 1
1 475 263 465 452 458 1 1
1 483 263 471 472 474 1 1
1 501 273 479 452 464 1 1
1 498 268 476 433 467 1 1
1 498 218 494 449 473 1 1
1 495 211 487 448 470 1 1
1 494 216 482 461 465 1 1
1 500 226 504 457 471 1 1
1 509 221 477 446 454 1 1
1 485 217 493 450 464 1 1
1 503 217 503 458 468 1 1
1 508 212 498 445 459 1 1
1 509 233 493 450 460 1 1
1 511 229 493 468 470 1 1
1 491 225 471 442 464 1 1
1 491 213 495 452 462 1 1
1 502 212 482 455 465 1 1
1 503 205 477 444 462 1 1
1 482 212 486 439 463 1 1
1 496 210 500 441 465 1 1
1 491 199 475 442 452 1 1
1 504 188 486 439 479 1 1
1 503 185 473 440 466 1 1
1 505 173 491 446 480 1 1
1 505 197 515 476 500 1 1
1 510 204 478 439 469 1 1
1 503 203 483 444 460 1 1
1 500 190 484 451 475 1 1
1 498 204 484 461 473 1 1
1 498 220 502 457 467 1 1
1 498 208 502 463 469 1 1
1 496 274 472 459 467 1 1
1 492 278 472 447 447 1 1
1 502 308 488 465 479 1 1
1 508 262 478 465 455 1 1
1 495 263 485 462 468 1 1
1 495 249 479 454 446 1 1
1 488 264 468 449 461 1 1
1 484 280 484 459 479 1 1
1 485 289 489 458 484 1 1
1 498 284 490 453 467 1 1
1 498 258 476 469 459 1 1
1 502 278 482 461 467 1 1
1 494 268 478 439 461 1 1
1 488 240 478 459 463 1 1
1 497 239 481 458 464 1 1
1 492 236 468 447 455 1 1
1 495 241 463 446 458 1 1
1 492 254 470 457 457 1 1
1 509 241 473 448 466 1 1
1 496 246 466 457 473 1 1
1 494 236 468 447 463 1 1
1 511 235 485 448 474 1 1
1 497 219 457 428 460 1 1
1 500 218 464 429 467 1 1
1 489 205 477 448 470 1 1
1 502 224 486 463 479 1 1
1 505 239 485 458 464 1 1
1 505 229 465 442 456 1 1
1 495 213 475 434 466 1 1
1 486 214 466 429 459 1 1
1 469 223 475 440 454 1 1
1 495 189 449 428 470 1 1
1 482 216 454 425 445 1 1
1 494 228 432 413 455 1 1
1 511 231 461 428 446 1 1
1 503 221 419 420 452 1 1
1 492 228 430 421 433 1 1
1 493 235 405 406 434 1 1
1 476 228 400 383 421 1 1
1 473 243 391 392 404 1 1
1 493 229 405 396 422 1 1
1 500 234 406 401 429 1 1
1 485 223 413 406 434 1 1
1 489 233 407 400 430 1 1
1 478 220 428 409 433 1 1
1 494 208 424 411 449 1 1
1 436 366 406 399 435 1 1
1 313 435 437 426 408 0 0
1 21 491 443 406 392 0 0
1 24 488 444 411 395 0 0
1 17 485 443 410 394 0 0
1 11 487 443 408 402 0 0
1 11 485 445 406 402 0 0
1 18 484 444 407 397 0 0
1 26 482 440 405 393 0 0
1 38 486 438 401 391 0 0
1 40 490 430 397 385 0 0
1 38 484 434 401 387 0 0
1 28 484 436 401 389 0 0
1 55 483 443 402 388 0 0
1 49 489 437 396 386 0 0
1 54 486 442 413 397 0 0
1 18 484 446 411 401 0 0
1 25 491 439 412 402 0 0
1 12 488 444 411 405 0 0
1 13 491 445 412 404 0 0
1 6 486 446 411 403 0 0
1 6 486 446 411 403 0 0
1 12 484 444 407 401 0 0
1 12 486 446 411 399 0 0
1 12 486 442 409 399 0 0
1 18 488 446 415 401 0 0
1 17 485 447 410 404 0 0
1 16 492 444 411 405 0 0
1 11 487 445 410 404 0 0
1 15 487 443 410 404 0 0
1 16 490 444 411 403 0 0
1 15 481 441 404 400 0 0
1 20 486 442 405 395 0 0
1 26 484 438 403 391 0 0
1 26 482 438 403 391 0 0
1 24 484 440 405 393 0 0
1 34 488 440 409 393 0 0
1 34 484 440 405 393 0 0
1 34 492 438 409 393 0 0
1 45 489 443 404 392 0 0
1 53 491 433 394 382 0 0
1 55 481 433 394 386 0 0
1 55 483 435 396 386 0 0
1 51 489 433 394 384 0 0
1 52 480 434 399 385 0 0
1 29 479 435 398 390 0 0
1 25 483 439 402 392 0 0
1 24 484 440 405 393 0 0
1 24 484 440 405 393 0 0
1 24 484 440 405 393 0 0
1 34 486 442 405 395 0 0
1 38 488 434 401 387 0 0
1 40 486 432 399 387 0 0
1 31 481 433 398 386 0 0
1 31 481 435 402 388 0 0
1 37 481 433 400 386 0 0
1 36 478 432 391 385 0 0
1 32 482 436 399 387 0 0
1 26 482 440 405 393 0 0
1 26 482 438 403 391 0 0
1 26 484 438 403 393 0 0
1 21 485 441 408 394 0 0
1 21 483 439 404 396 0 0
1 21 481 441 404 396 0 0
1 24 484 440 405 393 0 0
1 24 484 440 405 393 0 0
1 24 484 440 405 393 0 0
1 24 484 440 405 393 0 0
1 31 489 441 412 394 0 0
1 26 484 442 409 399 0 0
1 29 495 441 412 398 0 0
1 21 495 443 404 396 0 0
1 23 495 441 406 396 0 0
1 29 495 443 412 398 0 0
1 39 497 445 414 400 0 0
1 56 506 440 413 397 0 0
1 64 510 438 417 397 0 0
1 54 504 442 423 405 0 0
1 40 500 444 413 407 0 0
1 20 488 444 403 401 0 0
1 15 487 441 408 400 0 0
1 9 483 443 408 402 0 0
1 5 485 447 412 402 0 0
1 4 486 448 411 405 0 0
1 3 487 449 410 406 0 0
1 13 489 451 412 406 0 0
1 29 493 451 410 406 0 0
1 39 493 443 406 400 0 0
1 42 500 440 403 399 0 0
1 31 495 437 406 394 0 0
1 21 487 441 408 396 0 0
1 30 492 444 405 403 0 0
1 32 488 438 401 393 0 0
1 36 484 436 403 389 0 0
1 22 484 438 409 395 0 0
1 17 483 441 410 404 0 0
1 15 489 445 412 404 0 0
1 11 487 445 410 400 0 0
1 22 494 442 407 399 0 0
1 24 494 440 409 397 0 0
1 30 496 442 407 395 0 0
1 33 497 447 410 400 0 0
1 33 495 441 408 398 0 0
1 30 494 436 405 397 0 0
1 21 487 443 406 396 0 0
1 31 489 441 412 394 0 0
1 31 489 443 410 398 0 0
1 25 491 443 408 402 0 0
1 22 490 440 407 401 0 0
1 19 489 443 412 400 0 0
1 22 494 444 409 399 0 0
1 15 493 445 410 400 0 0
1 21 497 447 412 400 0 0
1 33 497 445 408 398 0 0
1 36 494 436 403 395 0 0
1 40 496 440 413 395 0 0
1 38 488 440 411 397 0 0
1 32 490 440 411 401 0 0
1 19 491 441 412 402 0 0
1 10 486 448 413 403 0 0
1 9 487 445 410 400 0 0
1 8 490 446 409 403 0 0
1 7 489 449 410 406 0 0
1 20 492 446 413 401 0 0
1 35 491 443 412 402 0 0
1 44 494 442 415 403 0 0
1 38 496 442 411 405 0 0
1 37 495 443 410 402 0 0
1 31 489 441 408 402 0 0
1 27 495 437 412 400 0 0
1 14 488 442 407 399 0 0
1 13 487 445 410 398 0 0
1 10 488 448 407 403 0 0
1 24 492 442 409 401 0 0
1 19 489 445 410 404 0 0
1 34 494 438 413 399 0 0
1 32 490 444 415 401 0 0
1 36 492 444 411 409 0 0
1 27 493 439 412 402 0 0
1 14 486 444 409 399 0 0
1 11 481 445 408 404 0 0
1 8 488 448 409 407 0 0
1 21 485 445 410 402 0 0
1 21 483 447 410 404 0 0
1 28 492 440 411 403 0 0
1 30 486 438 409 401 0 0
1 39 495 441 414 400 0 0
1 44 496 438 411 399 0 0
1 32 496 440 407 401 0 0
1 19 491 443 410 400 0 0
1 7 485 445 408 404 0 0
1 11 483 447 408 402 0 0
1 24 490 446 413 399 0 0
1 30 486 440 401 399 0 0
1 32 492 440 411 395 0 0
1 39 491 433 410 394 0 0
1 51 497 439 418 396 0 0
1 55 499 433 416 394 0 0
1 39 497 437 410 398 0 0
1 21 495 443 410 402 0 0
1 9 489 445 410 402 0 0
1 17 485 441 408 400 0 0
1 24 486 440 415 395 0 0
1 23 493 441 416 400 0 0
1 14 490 446 409 405 0 0
1 19 491 449 414 402 0 0
1 35 495 447 414 402 0 0
1 42 500 444 413 401 0 0
1 38 498 444 407 401 0 0
1 22 496 440 407 399 0 0
1 22 496 450 413 405 0 0
1 14 490 448 405 403 0 0
1 17 489 441 406 398 0 0
1 10 486 448 409 401 0 0
