0 0 0 0 0 0 0 0 0 0 0 0 0 0 0 0 0 0 0 0 0 0 0 0 0 0 0 0 0 0 0 0 0 0
2 4 4 4 5 5 6 5 5 5 0 6 9 8 8 9 6 5 5 5 5 5 7 5 7 6 6 8 10 9 7 7 6 5
2 4 4 4 5 5 6 5 5 5 0 6 9 8 8 9 6 5 5 5 5 5 7 5 6 6 6 8 10 10 7 8 6 5
2 4 4 4 5 5 6 5 5 6 0 6 10 9 8 9 6 5 5 5 5 5 6 5 7 6 6 9 11 10 7 8 6 5
2 4 4 4 5 4 5 5 5 5 0 6 10 9 8 10 6 5 5 5 5 5 6 5 6 5 6 9 11 10 7 8 6 5
2 4 4 4 5 5 6 5 5 5 0 6 9 8 8 9 6 5 5 5 5 5 6 5 6 5 6 9 10 9 7 8 6 5
2 4 4 4 5 5 5 5 5 5 0 6 9 8 8 9 6 5 5 5 5 5 6 5 6 5 5 8 10 9 7 8 6 5
2 4 4 4 5 5 5 5 5 5 0 6 10 9 8 9 6 5 5 5 5 5 6 5 6 6 6 9 10 9 8 8 6 5
2 4 4 4 5 5 6 5 5 5 0 6 11 10 10 10 6 6 5 5 6 6 7 5 7 6 6 9 11 11 9 8 7 6
2 4 4 4 5 5 6 5 5 6 0 6 10 9 8 9 6 6 5 5 6 6 9 6 7 6 6 9 10 9 7 8 6 5
2 4 4 4 5 5 5 5 5 5 0 6 9 9 8 9 6 5 4 5 5 5 6 5 6 5 5 8 10 9 7 8 6 5
2 4 4 4 5 5 6 5 5 5 0 5 8 8 7 8 6 5 5 5 5 5 6 5 6 5 5 8 9 9 6 8 6 5
2 4 4 4 5 4 5 4 5 5 0 5 8 7 6 7 5 5 5 5 5 5 6 5 6 5 5 8 9 8 6 7 5 5
2 4 4 4 5 5 6 5 5 5 0 5 9 8 7 7 5 5 4 5 6 7 6 5 6 6 6 8 9 9 6 7 5 5
2 4 4 4 5 5 5 5 5 5 0 5 8 7 6 7 5 5 4 5 5 6 6 5 6 6 6 7 8 8 6 7 5 5
2 4 4 4 5 5 6 5 5 5 0 5 8 7 5 7 5 5 4 5 6 6 6 5 6 6 6 8 8 7 5 7 5 5
2 4 4 4 5 4 5 5 5 5 0 5 8 7 6 7 5 5 4 5 5 6 6 5 6 5 5 8 8 7 5 7 5 4
2 4 4 4 5 5 5 5 5 5 0 5 8 7 6 7 5 4 4 4 5 6 6 5 6 5 5 8 8 8 5 7 5 4
2 4 4 4 5 5 6 5 4 4 0 5 8 7 5 6 5 5 5 5 6 6 7 5 6 5 5 7 8 8 6 6 5 5
2 4 4 4 5 4 5 5 5 5 0 5 8 8 6 7 5 5 4 5 5 6 6 5 6 5 5 8 8 8 6 7 5 4
3 0 4 4 5 4 5 5 5 5 0 5 8 8 6 7 5 5 4 5 5 6 6 5 6 5 5 8 8 8 6 7 5 4
1 0 0 0 0 0 0 0 0 0 0 0 0 0 0 0 0 0 0 0 0 0 0 0 0 0 0 0 0 0 0 0 0 0
4 0 3 4 5 5 5 5 5 5 0 5 7 6 6 7 5 5 4 4 5 6 7 5 6 6 5 8 8 7 5 7 5 5
4 0 3 3 4 4 5 4 4 4 0 4 6 6 5 6 4 4 4 4 5 5 6 4 5 5 5 7 7 6 5 5 4 4
4 0 4 4 5 5 5 4 4 4 0 4 7 6 5 6 5 5 4 4 5 5 6 5 5 5 5 7 7 6 5 5 5 4
4 0 3 4 5 4 5 5 5 5 0 4 6 6 6 6 5 4 4 4 5 5 6 5 6 6 5 8 7 7 5 5 4 4
4 0 3 3 5 5 5 4 4 4 0 4 6 6 5 6 5 4 4 4 5 5 7 5 6 5 5 7 7 6 5 6 4 4
4 0 4 4 5 5 5 4 4 4 0 4 6 6 5 6 5 4 4 4 5 5 6 5 5 5 5 7 7 7 4 6 5 5
4 0 3 3 5 4 5 4 4 4 0 4 6 6 6 6 5 4 4 4 5 5 6 5 5 5 5 7 7 6 5 6 5 4
4 0 3 3 5 4 5 4 4 4 0 4 6 6 6 6 5 4 4 4 5 5 6 4 5 5 5 7 7 6 5 6 5 4
4 0 4 4 5 5 5 4 4 4 0 4 6 6 5 6 5 4 4 4 5 5 6 5 5 5 4 7 7 6 5 6 5 4
4 0 4 4 5 5 6 4 4 4 0 4 7 6 5 7 5 5 4 4 5 5 7 5 5 5 5 7 7 7 5 6 5 4
4 0 3 4 5 5 5 4 4 4 0 4 7 6 5 6 5 4 4 4 5 5 7 4 5 5 5 8 7 7 5 6 5 4
4 0 4 4 5 5 5 4 4 4 0 4 7 6 5 6 5 4 4 4 5 5 6 5 5 5 5 7 7 6 5 6 5 4
4 0 3 4 5 4 5 4 4 4 0 4 7 6 5 6 5 4 4 4 5 5 6 4 5 5 5 7 7 7 5 6 5 4
4 0 3 4 5 5 5 4 4 4 0 5 7 6 6 6 5 4 4 4 5 5 6 5 5 5 5 7 7 7 5 6 5 4
4 0 3 4 5 5 5 4 4 4 0 5 7 6 6 6 5 4 4 4 5 5 6 5 5 5 5 7 7 7 5 6 5 4
4 0 4 4 5 5 5 4 5 5 0 5 7 7 6 6 5 4 4 4 5 5 6 5 7 6 5 7 7 7 6 6 5 4
4 0 4 4 5 5 5 5 5 4 0 5 7 6 6 7 5 5 4 5 5 5 6 5 6 5 5 8 7 7 5 6 5 5
4 0 4 4 5 5 5 4 5 4 0 5 7 6 5 7 5 5 4 5 5 5 6 5 6 5 5 7 7 7 5 6 5 5
4 0 4 4 5 5 6 5 5 5 0 5 6 6 6 7 5 5 4 5 5 5 6 5 6 5 5 7 7 7 5 6 5 5
4 0 4 4 5 5 5 4 4 4 0 4 6 6 5 6 5 4 4 4 5 5 6 5 6 5 5 7 7 6 5 6 5 4
