0 0 0 0 0 0 -1 -1
0 0 0 0 0 0 -1 -1
1 394 441 218 253 107 4 4
1 399 432 239 256 98 4 4
1 395 454 231 260 106 4 4
1 406 441 222 243 115 4 4
1 400 447 246 251 109 4 4
1 398 437 240 257 99 4 4
1 391 436 237 258 84 4 4
1 403 442 233 242 86 4 4
1 400 439 234 243 99 4 4
1 403 442 231 256 100 4 4
1 408 437 244 265 83 4 4
1 398 443 244 265 67 4 4
1 398 443 242 267 69 4 4
1 403 428 241 264 102 4 4
1 407 432 225 258 124 4 4
1 401 452 199 244 144 4 4
1 403 454 203 232 142 4 4
1 396 445 210 219 145 4 4
1 400 449 222 227 129 4 4
1 391 446 235 228 140 4 4
1 386 443 238 241 127 4 4
1 381 440 239 244 120 4 4
1 390 447 240 249 113 4 4
1 392 447 234 245 107 4 4
1 398 447 242 255 99 4 4
1 388 447 246 255 95 4 4
1 389 432 235 258 94 4 4
1 398 457 242 261 95 4 4
1 391 452 251 260 94 4 4
1 385 446 261 252 98 4 4
1 381 442 269 256 100 4 4
1 373 440 271 250 102 4 4
1 374 449 274 251 93 4 4
1 381 442 273 260 92 4 4
1 389 444 263 264 96 4 4
1 392 453 258 263 95 4 4
1 392 447 262 267 97 4 4
1 381 442 265 246 92 4 4
1 375 450 269 246 102 4 4
1 372 451 266 249 103 4 4
1 391 444 249 238 114 4 4
1 393 444 237 232 128 4 4
1 388 445 252 243 125 4 4
1 378 437 252 235 125 4 4
1 384 457 256 239 115 4 4
1 384 445 264 257 121 4 4
1 382 455 258 261 109 4 4
1 390 441 258 259 103 4 4
1 383 440 263 252 108 4 4
1 383 440 243 244 112 4 4
1 389 444 239 242 96 4 4
1 405 448 241 258 82 4 4
1 399 434 233 258 82 4 4
1 418 439 236 279 117 4 4
1 416 441 242 285 117 4 4
1 412 449 240 277 127 4 4
1 411 440 229 252 110 4 4
1 407 442 215 258 108 4 4
1 404 447 230 267 107 4 4
1 412 447 258 273 97 4 4
1 410 443 228 253 111 4 4
1 415 450 213 248 112 4 4
1 412 439 200 255 123 4 4
1 414 433 222 273 135 4 4
1 405 442 219 268 136 4 4
1 407 440 209 260 132 4 4
1 400 451 218 245 123 4 4
1 398 453 222 249 113 4 4
1 393 446 239 256 112 4 4
1 406 437 240 265 133 4 4
1 385 436 229 276 134 4 4
1 399 436 225 278 134 4 4
1 407 436 229 262 122 4 4
1 409 442 233 266 130 4 4
1 401 444 219 252 128 4 4
1 389 452 229 284 116 4 4
1 404 453 226 267 131 4 4
1 392 449 238 273 129 4 4
1 393 440 225 262 130 4 4
1 390 439 246 267 89 4 4
1 385 448 243 268 92 4 4
1 388 449 252 269 91 4 4
1 398 441 246 257 95 4 4
1 401 440 253 242 104 4 4
1 388 459 240 241 107 4 4
1 410 451 218 235 135 4 4
1 412 445 186 223 177 4 4
1 414 435 180 219 215 2 4
1 417 432 169 224 220 2 4
1 416 437 174 225 221 2 4
1 408 439 176 227 227 2 4
1 413 422 197 230 200 2 4
1 414 433 190 227 197 2 4
1 416 429 170 231 189 2 4
1 421 436 161 228 196 2 4
1 433 426 159 224 202 2 4
1 421 426 159 228 206 2 4
1 412 439 182 227 199 2 4
1 421 428 199 218 184 4 4
1 400 437 224 229 169 4 4
1 412 439 228 243 177 4 4
1 408 449 214 245 173 4 4
1 400 451 216 217 177 4 4
1 400 449 228 219 171 4 4
1 407 442 219 218 180 4 4
1 401 444 219 226 158 4 4
1 407 440 213 228 156 4 4
1 400 437 228 241 129 4 4
1 399 436 231 222 162 4 4
1 394 451 242 225 163 4 4
1 404 445 248 233 167 4 4
1 404 455 238 225 153 4 4
1 399 456 233 218 164 4 4
1 400 451 248 203 173 4 4
1 405 456 245 214 178 4 4
1 405 456 245 212 162 4 4
1 402 443 244 213 153 4 4
1 398 433 258 223 159 4 4
1 398 435 246 221 167 4 4
1 400 437 232 225 151 4 4
1 410 435 230 233 137 4 4
1 414 433 236 237 131 4 4
1 394 451 240 231 129 4 4
1 394 445 252 239 135 4 4
1 378 455 262 231 141 4 4
1 396 455 260 243 141 4 4
1 403 444 255 226 146 4 4
1 393 448 247 234 162 4 4
1 395 452 233 228 154 4 4
1 393 456 247 230 148 4 4
1 423 450 233 240 168 4 4
1 404 465 230 251 163 4 4
1 412 451 216 247 151 4 4
1 413 450 223 252 148 4 4
1 399 462 221 256 144 4 4
1 403 456 223 246 142 4 4
1 400 453 210 239 141 4 4
1 432 449 234 261 165 4 4
1 433 458 233 276 166 4 4
1 420 441 264 299 175 4 4
1 432 463 238 281 169 4 4
1 414 459 230 275 157 4 4
1 416 447 224 273 139 4 4
1 417 458 225 270 136 4 4
1 418 457 230 273 143 4 4
1 431 452 235 278 156 4 4
1 441 452 245 280 182 4 4
1 442 455 250 291 183 4 4
1 427 454 255 296 162 4 4
1 429 450 245 288 140 4 4
1 434 453 248 279 157 4 4
1 430 449 232 265 157 4 4
1 430 443 218 259 173 4 4
1 432 435 212 285 163 4 4
1 441 440 219 292 190 4 4
1 428 437 230 295 181 4 4
1 429 450 249 300 156 4 4
1 428 447 252 293 161 4 4
1 444 443 262 295 163 4 4
1 443 434 261 298 152 4 4
1 431 442 257 300 142 4 4
1 436 443 258 297 131 4 4
1 432 439 264 305 143 4 4
1 439 434 235 282 148 4 4
1 427 442 221 282 142 4 4
1 436 435 230 277 145 4 4
1 423 446 251 294 132 4 4
1 425 436 253 286 120 4 4
1 426 439 248 275 109 4 4
1 420 443 246 273 123 4 4
1 417 436 249 274 104 4 4
1 410 445 242 267 103 4 4
1 437 450 267 242 194 4 4
1 450 411 268 191 267 3 3
1 441 410 281 124 312 3 3
1 441 406 283 126 312 3 3
1 444 419 282 129 315 3 3
1 451 414 269 148 302 3 3
1 441 418 273 148 310 3 3
1 449 416 277 132 304 3 3
1 445 422 267 124 312 3 3
1 447 416 267 124 312 3 3
1 448 409 278 121 319 3 3
1 436 411 258 141 299 3 3
1 437 420 259 136 306 3 3
1 453 414 279 150 304 3 3
1 436 409 262 115 297 3 3
1 436 417 258 129 299 3 3
1 437 420 255 128 290 3 3
1 437 400 263 120 298 3 3
1 440 417 274 125 297 3 3
1 433 412 265 124 292 3 3
1 445 412 267 130 312 3 3
1 457 402 257 128 318 3 3
1 443 408 259 124 320 3 3
1 447 412 261 128 312 3 3
1 449 408 263 128 320 3 3
1 440 403 264 125 321 3 3
1 439 416 245 132 308 3 3
1 457 416 243 132 310 3 3
1 450 417 246 143 303 3 3
1 451 418 261 150 316 3 3
1 456 405 266 151 313 3 3
1 440 421 252 147 299 3 3
1 436 417 258 143 309 3 3
1 449 412 257 138 304 3 3
1 452 409 260 147 313 3 3
1 437 398 259 132 306 3 3
1 450 393 250 135 299 3 3
1 438 393 250 125 297 3 3
1 438 401 240 135 291 3 3
1 441 406 245 132 296 3 3
1 448 413 242 125 291 3 3
1 442 395 240 131 291 3 3
1 444 407 240 127 293 3 3
1 446 395 232 109 293 3 3
1 436 405 232 107 285 3 3
1 430 405 220 119 283 3 3
1 442 407 228 113 295 3 3
1 429 414 225 114 280 3 3
1 428 413 224 115 271 3 3
1 424 423 236 117 265 3 3
1 428 423 232 115 261 3 3
1 430 429 226 107 265 3 3
1 428 417 228 109 265 3 3
1 429 412 219 116 266 3 3
1 424 425 220 119 255 3 3
1 430 427 226 123 247 3 3
1 421 426 229 114 250 3 3
1 411 434 233 122 254 3 3
1 414 437 248 141 267 3 3
1 413 444 251 134 260 3 3
1 414 437 254 137 263 3 3
1 425 426 237 130 264 3 3
1 410 429 222 133 265 3 3
1 417 430 219 136 270 3 3
1 414 425 222 127 255 3 3
1 432 427 228 127 261 3 3
1 438 425 216 145 269 3 3
1 441 416 229 140 274 3 3
1 440 419 230 141 277 3 3
1 438 421 234 137 273 3 3
1 439 418 237 132 272 3 3
1 430 417 224 129 267 3 3
1 433 424 227 128 272 3 3
1 439 414 231 118 274 3 3
1 444 403 230 121 277 3 3
1 449 406 243 128 282 3 3
1 440 413 258 131 285 3 3
1 450 413 256 127 281 3 3
1 445 406 259 126 280 3 3
1 445 398 243 122 268 3 3
1 449 404 247 124 274 3 3
1 454 403 254 133 267 3 3
1 424 407 254 131 283 3 3
1 444 397 248 133 295 3 3
1 443 398 247 130 292 3 3
1 449 394 245 130 292 3 3
1 438 397 252 133 293 3 3
1 444 387 248 139 295 3 3
1 436 415 248 135 285 3 3
1 418 415 254 129 283 3 3
1 420 407 230 125 281 3 3
1 426 419 230 131 279 3 3
1 441 422 231 122 270 3 3
1 434 405 234 121 281 3 3
1 435 424 243 146 286 3 3
1 435 432 247 142 284 3 3
1 410 431 250 139 271 3 3
1 414 427 248 133 267 3 3
1 415 420 237 126 268 3 3
1 414 417 246 133 275 3 3
1 422 423 240 133 257 3 3
1 422 431 250 131 271 3 3
1 436 415 236 139 265 3 3
1 440 413 238 131 271 3 3
1 434 409 232 121 269 3 3
1 427 410 247 110 284 3 3
1 428 403 246 113 287 3 3
1 430 413 252 123 283 3 3
1 424 411 248 119 275 3 3
1 417 416 245 116 276 3 3
1 418 407 250 123 281 3 3
1 425 404 255 116 272 3 3
1 413 418 249 126 270 3 3
1 411 418 257 128 262 3 3
1 410 419 256 133 267 3 3
1 414 421 258 135 269 3 3
1 418 417 258 135 269 3 3
1 409 416 255 130 270 3 3
1 414 423 248 133 275 3 3
1 416 411 246 131 281 3 3
1 418 413 232 129 279 3 3
1 411 422 225 126 278 3 3
1 418 409 228 125 271 3 3
1 424 415 240 125 271 3 3
1 407 420 247 130 262 3 3
1 405 418 247 134 262 3 3
1 414 405 248 127 267 3 3
1 413 410 255 126 274 3 3
1 421 406 245 118 268 3 3
1 417 414 251 128 272 3 3
1 417 408 243 120 282 3 3
1 425 412 251 130 282 3 3
1 424 411 254 137 283 3 3
1 415 414 261 146 274 3 3
1 413 420 267 150 280 3 3
1 407 414 259 144 268 3 3
1 409 420 253 148 288 3 3
1 407 428 261 158 294 3 3
1 411 416 263 148 288 3 3
1 408 419 266 155 295 3 3
1 424 413 260 143 289 3 3
1 425 414 263 138 286 3 3
1 426 417 260 127 279 3 3
1 422 413 254 125 277 3 3
1 432 415 258 131 279 3 3
1 432 415 258 131 279 3 3
1 425 410 251 126 276 3 3
1 428 415 248 115 285 3 3
1 421 400 233 120 284 3 3
1 421 400 227 122 288 3 3
1 432 409 238 117 289 3 3
1 430 411 250 115 289 3 3
1 435 416 251 120 284 3 3
1 428 413 248 111 289 3 3
1 424 409 246 115 289 3 3
1 430 417 242 111 295 3 3
1 426 411 240 121 293 3 3
1 429 408 237 132 298 3 3
1 436 417 242 131 293 3 3
1 435 416 245 126 286 3 3
1 429 412 251 118 280 3 3
1 432 413 252 117 283 3 3
1 432 409 262 115 287 3 3
1 426 413 254 121 283 3 3
1 437 416 253 122 288 3 3
1 436 407 252 115 283 3 3
1 437 412 245 118 280 3 3
1 437 416 235 112 282 3 3
1 428 407 228 109 291 3 3
1 432 419 236 97 291 3 3
1 423 408 217 102 292 3 3
1 437 418 227 116 296 3 3
1 439 400 235 114 298 3 3
1 443 398 243 118 304 3 3
1 437 398 191 160 276 3 3
1 428 433 156 181 267 2 2
1 431 432 129 206 230 2 2
1 418 429 126 203 221 2 2
1 422 433 138 213 213 2 2
1 437 422 141 218 242 2 2
1 429 430 133 204 258 2 2
1 439 412 157 238 296 2 2
1 431 428 147 228 288 2 2
1 426 445 136 229 269 2 2
1 438 431 114 215 255 2 2
1 434 431 104 209 239 2 2
1 421 438 111 220 230 2 2
1 425 426 119 206 248 2 2
1 429 436 131 226 244 2 2
1 423 428 123 210 260 2 2
1 425 422 123 202 246 2 2
1 428 421 116 195 257 2 2
1 428 419 118 201 263 2 2
1 436 423 114 185 259 2 2
1 434 425 102 187 241 2 2
1 429 422 103 210 266 2 2
1 427 436 107 204 270 2 2
1 442 427 102 209 281 2 2
1 438 427 98 187 257 2 2
1 440 427 106 195 267 2 2
1 433 414 109 200 268 2 2
1 431 418 119 210 280 2 2
1 440 413 122 207 283 2 2
1 437 412 125 216 282 2 2
1 436 415 130 223 297 2 2
1 444 419 128 235 297 2 2
1 431 436 135 236 290 2 2
1 436 431 140 247 299 2 2
1 431 434 135 244 296 2 2
1 429 436 141 232 294 2 2
1 430 423 130 231 277 2 2
1 436 445 118 221 271 2 2
1 428 433 94 221 271 2 2
1 431 422 91 220 264 2 2
1 433 430 97 218 262 2 2
1 434 427 112 217 273 2 2
1 444 419 112 217 271 2 2
1 438 433 114 219 275 2 2
1 423 424 103 242 260 2 2
1 423 428 89 226 248 2 2
1 434 431 82 239 253 2 2
1 428 435 84 239 247 2 2
1 434 431 102 237 261 2 2
1 437 414 109 218 270 2 2
1 424 411 102 213 261 2 2
1 422 437 112 225 249 2 2
1 417 430 113 226 238 2 2
1 415 438 115 230 220 2 2
1 414 435 122 229 203 2 2
1 427 436 113 224 210 2 2
1 427 428 105 240 204 2 2
1 432 435 98 241 229 2 2
1 410 431 106 229 225 2 2
1 410 425 122 225 213 2 2
1 413 426 125 224 188 2 2
1 426 437 130 221 199 2 2
1 434 429 120 215 221 2 2
1 419 426 105 220 222 2 2
1 424 427 106 221 239 2 2
1 427 426 101 222 252 2 2
1 427 440 109 214 244 2 2
1 425 440 107 210 240 2 2
1 430 427 110 195 241 2 2
1 427 430 107 196 238 2 2
1 422 429 112 197 239 2 2
1 431 432 107 204 236 2 2
1 429 432 109 202 238 2 2
1 434 421 122 189 237 2 2
1 427 426 133 192 256 2 2
1 414 419 130 187 239 2 2
1 425 434 133 190 242 2 2
1 428 431 122 185 239 2 2
1 421 432 129 176 240 2 2
1 433 420 145 176 246 2 2
1 450 427 152 183 255 2 2
1 448 431 150 195 265 2 2
1 436 433 150 189 265 2 2
1 442 427 152 189 261 2 2
1 446 423 154 187 267 2 2
1 436 437 158 195 267 2 2
1 435 430 141 194 268 2 2
1 421 432 145 216 226 2 2
1 413 432 133 222 226 2 2
1 411 418 131 220 212 2 2
1 417 424 133 224 212 2 2
1 409 424 133 226 204 2 2
1 419 424 133 238 198 2 2
1 421 424 121 240 216 2 2
1 429 428 133 222 206 2 2
1 415 424 143 220 216 2 2
1 427 424 149 220 212 2 2
1 410 431 138 221 225 2 2
1 420 433 124 227 223 2 2
1 418 427 118 223 215 2 2
1 426 437 102 227 219 2 2
1 426 433 100 211 225 2 2
1 417 436 97 210 222 2 2
1 434 437 110 207 211 2 2
1 426 441 114 205 201 2 2
1 432 441 118 211 215 2 2
1 435 436 113 210 218 2 2
1 442 431 126 219 253 2 2
1 433 428 131 222 236 2 2
1 425 444 131 224 250 2 2
1 433 432 113 212 220 2 2
1 436 435 104 213 223 2 2
1 430 433 98 215 217 2 2
1 430 427 104 219 227 2 2
1 430 427 104 227 237 2 2
1 428 427 106 227 249 2 2
1 422 433 106 233 235 2 2
1 414 429 116 213 235 2 2
1 434 427 128 207 229 2 2
1 434 427 124 207 243 2 2
1 417 430 103 218 236 2 2
1 416 435 96 223 233 2 2
1 427 428 103 224 238 2 2
1 425 426 103 232 238 2 2
1 431 432 109 240 256 2 2
1 432 437 110 251 249 2 2
1 423 438 117 246 244 2 2
1 422 433 102 255 231 2 2
1 426 431 100 249 225 2 2
1 421 434 103 248 232 2 2
1 433 430 103 260 230 2 2
1 419 436 101 240 226 2 2
1 423 426 101 240 232 2 2
1 438 429 104 245 241 2 2
1 450 435 98 249 251 2 2
1 438 435 118 255 265 2 2
1 433 424 125 248 272 2 2
1 430 411 126 243 287 2 2
1 433 412 115 244 290 2 2
1 442 415 110 245 281 2 2
1 440 425 112 241 285 2 2
1 439 414 101 222 272 2 2
1 432 431 94 239 259 2 2
1 439 426 105 256 272 2 2
1 443 430 109 256 260 2 2
1 436 435 108 257 263 2 2
1 442 421 102 251 257 2 2
1 434 425 102 243 253 2 2
1 431 430 109 258 258 2 2
1 443 424 109 244 266 2 2
1 446 421 106 251 277 2 2
1 453 422 111 260 302 2 2
1 450 423 118 259 309 2 2
1 431 426 119 254 300 2 2
1 440 429 110 255 289 2 2
1 447 428 111 256 312 2 2
1 451 432 113 258 302 2 2
1 435 432 135 248 310 2 2
1 438 421 144 233 303 2 2
1 425 428 143 222 292 2 2
1 441 432 137 218 288 2 2
1 443 424 123 222 278 2 2
1 431 432 113 216 280 2 2
1 445 424 115 220 264 2 2
1 438 419 138 225 281 2 2
1 439 420 127 230 274 2 2
1 435 436 129 230 268 2 2
1 435 426 109 224 240 2 2
1 437 434 117 232 260 2 2
1 438 429 104 229 257 2 2
1 434 435 126 249 277 2 2
1 458 425 144 251 293 2 2
1 445 434 137 248 286 2 2
1 441 426 111 248 274 2 2
1 473 404 311 342 388 2 2
1 492 371 412 411 435 1 1
1 498 259 490 453 481 1 1
1 499 262 485 456 484 1 1
1 506 219 468 437 449 1 1
1 511 230 481 444 488 1 1
1 499 240 451 428 456 1 1
1 503 264 475 444 472 1 1
1 507 250 479 442 480 1 1
1 505 222 481 448 478 1 1
1 493 234 461 438 468 1 1
1 509 240 461 442 456 1 1
1 502 271 462 461 465 1 1
1 514 263 478 457 483 1 1
1 480 261 450 445 453 1 1
1 490 277 454 451 463 1 1
1 475 280 453 446 466 1 1
1 493 286 459 454 478 1 1
1 487 266 453 452 468 1 1
1 493 272 451 448 460 1 1
1 482 283 452 443 469 1 1
1 488 297 454 441 477 1 1
1 476 293 456 445 471 1 1
1 478 299 454 445 469 1 1
1 481 302 459 448 464 1 1
1 490 337 478 467 479 1 1
1 476 335 466 451 477 1 1
1 486 303 464 443 471 1 1
1 489 290 459 436 480 1 1
1 486 317 466 453 483 1 1
1 503 300 475 456 486 1 1
1 506 249 458 455 479 1 1
1 505 200 455 420 462 1 1
1 508 203 450 419 457 1 1
1 503 204 447 418 456 1 1
1 517 206 447 422 456 1 1
1 495 186 451 414 464 1 1
1 509 184 447 422 464 1 1
1 512 197 464 419 467 1 1
1 508 203 450 419 447 1 1
1 527 196 455 428 468 1 1
1 516 181 444 413 463 1 1
1 515 174 443 420 472 1 1
1 509 190 449 414 462 1 1
1 511 190 473 422 480 1 1
1 493 184 447 418 454 1 1
1 519 186 475 434 476 1 1
1 499 170 433 416 444 1 1
1 507 170 437 410 466 1 1
1 508 179 456 415 463 1 1
1 508 183 476 435 475 1 1
1 526 209 494 437 493 1 1
1 513 210 451 430 468 1 1
1 507 186 461 428 476 1 1
1 509 168 447 414 458 1 1
1 506 165 446 417 451 1 1
1 506 163 440 409 447 1 1
1 515 158 439 418 458 1 1
1 515 158 443 422 462 1 1
1 514 163 454 423 483 1 1
1 519 162 445 416 470 1 1
1 511 158 437 418 458 1 1
1 512 165 446 425 467 1 1
1 515 156 453 424 474 1 1
1 509 156 441 410 464 1 1
1 514 167 438 419 463 1 1
1 534 171 450 427 465 1 1
1 516 171 432 421 467 1 1
1 509 166 443 424 468 1 1
1 490 157 422 405 449 1 1
1 532 183 428 417 451 1 1
1 530 207 422 411 445 1 1
1 505 206 407 396 432 1 1
1 482 237 400 383 413 1 1
1 498 245 396 375 401 1 1
1 481 256 395 384 410 1 1
1 482 235 394 385 417 1 1
1 488 233 398 393 433 1 1
1 479 216 389 390 426 1 1
1 486 213 402 401 439 1 1
1 485 250 403 398 424 1 1
1 480 263 400 397 423 1 1
1 459 296 369 388 388 1 1
1 470 293 368 389 387 1 1
1 483 278 373 384 386 1 1
1 465 284 373 384 382 1 1
1 466 315 368 383 377 1 1
1 500 339 438 417 423 1 1
1 521 344 457 436 450 1 1
1 499 308 471 456 470 1 1
1 490 305 468 457 483 1 1
1 484 313 470 461 469 1 1
1 497 300 469 458 474 1 1
1 499 274 461 454 474 1 1
1 489 266 465 448 462 1 1
1 488 283 464 443 463 1 1
1 496 279 456 455 463 1 1
1 506 275 446 451 455 1 1
1 490 283 468 461 467 1 1
1 512 263 468 455 471 1 1
1 516 273 468 445 471 1 1
1 518 231 488 449 485 1 1
1 525 212 473 438 460 1 1
1 517 218 463 428 458 1 1
1 516 223 492 439 465 1 1
1 520 211 468 425 459 1 1
1 523 216 481 428 468 1 1
1 515 216 471 412 462 1 1
1 520 221 476 419 465 1 1
1 537 218 483 438 480 1 1
1 514 211 480 453 483 1 1
1 512 217 476 453 469 1 1
1 522 225 488 453 477 1 1
1 521 226 481 454 484 1 1
1 526 221 482 455 487 1 1
1 504 213 468 437 465 1 1
1 522 211 480 433 487 1 1
1 506 203 466 419 455 1 1
1 518 211 480 431 495 1 1
1 510 211 466 437 467 1 1
1 523 212 489 428 484 1 1
1 524 219 496 437 495 1 1
1 511 212 475 438 480 1 1
1 507 230 483 450 470 1 1
1 515 210 467 426 478 1 1
1 506 215 490 459 489 1 1
1 520 207 472 443 479 1 1
1 510 219 470 445 459 1 1
1 512 275 478 455 477 1 1
1 478 285 468 453 469 1 1
1 483 302 457 468 466 1 1
1 505 268 471 464 466 1 1
1 517 256 469 458 462 1 1
1 525 242 461 446 446 1 1
1 501 270 461 464 456 1 1
1 496 287 470 469 473 1 1
1 480 303 462 459 471 1 1
1 498 273 464 465 465 1 1
1 494 259 460 461 457 1 1
1 475 272 449 450 446 1 1
1 499 282 479 470 472 1 1
1 527 246 473 462 456 1 1
1 524 237 474 461 477 1 1
1 516 237 456 443 459 1 1
1 509 248 461 460 458 1 1
1 523 256 473 462 466 1 1
1 522 249 470 455 469 1 1
1 524 245 464 437 467 1 1
1 520 233 456 431 457 1 1
1 515 238 467 436 466 1 1
1 515 230 447 438 456 1 1
1 510 213 454 439 471 1 1
1 513 196 455 434 460 1 1
1 523 218 455 442 470 1 1
1 516 233 456 435 461 1 1
1 526 223 450 427 447 1 1
1 512 213 462 429 465 1 1
1 500 219 438 417 445 1 1
1 505 234 445 426 454 1 1
1 509 204 441 414 464 1 1
1 497 228 435 414 440 1 1
1 504 235 426 403 447 1 1
1 522 225 442 427 453 1 1
1 513 212 419 410 442 1 1
1 520 231 406 403 433 1 1
1 495 238 395 386 406 1 1
1 501 236 401 390 406 1 1
1 503 242 393 382 398 1 1
1 497 212 395 380 422 1 1
1 509 208 401 398 432 1 1
1 490 211 396 397 429 1 1
1 498 217 388 377 419 1 1
1 503 204 407 400 436 1 1
1 502 205 400 393 433 1 1
1 451 366 405 410 418 1 1
1 317 432 437 420 426 0 0
1 22 491 430 419 397 0 0
1 28 495 434 419 403 0 0
1 30 495 430 417 397 0 0
1 30 497 428 419 397 0 0
1 27 494 431 426 402 0 0
1 25 498 433 424 400 0 0
1 25 492 435 420 402 0 0
1 47 494 425 416 394 0 0
1 57 480 419 408 384 0 0
1 50 479 420 409 387 0 0
1 33 480 427 414 394 0 0
1 65 494 415 404 388 0 0
1 66 487 422 417 387 0 0
1 66 491 426 425 387 0 0
1 32 499 428 425 401 0 0
1 27 498 429 424 404 0 0
1 24 499 430 425 403 0 0
1 20 501 432 423 401 0 0
1 26 499 438 423 403 0 0
1 24 491 428 417 397 0 0
1 37 488 427 420 394 0 0
1 44 493 426 415 391 0 0
1 53 496 435 424 398 0 0
1 50 491 432 423 403 0 0
1 44 493 432 423 401 0 0
1 31 500 435 424 400 0 0
1 30 495 432 423 399 0 0
1 26 491 432 419 397 0 0
1 27 488 429 416 390 0 0
1 28 489 426 411 391 0 0
1 44 489 422 413 389 0 0
1 55 488 425 416 390 0 0
1 59 492 429 414 392 0 0
1 58 493 432 421 393 0 0
1 52 491 430 421 393 0 0
1 46 495 434 421 395 0 0
1 33 488 431 420 396 0 0
1 59 488 429 416 394 0 0
1 91 484 417 406 384 0 0
1 97 480 427 422 382 0 0
1 103 488 419 404 382 0 0
1 93 482 429 418 386 0 0
1 102 485 436 425 389 0 0
1 79 476 431 418 392 0 0
1 64 477 428 417 387 0 0
1 60 483 432 417 391 0 0
1 54 479 430 415 391 0 0
1 53 480 425 414 384 0 0
1 52 485 428 415 389 0 0
1 62 485 434 417 395 0 0
1 62 479 428 415 389 0 0
1 71 480 427 412 388 0 0
1 84 487 420 411 387 0 0
1 106 487 414 403 385 0 0
1 100 485 430 419 389 0 0
1 79 480 429 416 388 0 0
1 48 481 424 413 385 0 0
1 37 482 421 410 384 0 0
1 42 481 422 411 383 0 0
1 44 485 422 413 389 0 0
1 49 486 427 416 390 0 0
1 44 483 422 413 391 0 0
1 45 478 427 414 390 0 0
1 50 489 430 415 393 0 0
1 55 486 429 414 394 0 0
1 41 490 423 414 392 0 0
1 24 495 428 423 399 0 0
1 13 494 429 422 400 0 0
1 25 492 429 418 404 0 0
1 26 489 430 417 407 0 0
1 34 489 440 423 413 0 0
1 43 488 433 418 408 0 0
1 54 491 434 421 409 0 0
1 74 493 442 427 419 0 0
1 71 494 445 422 418 0 0
1 55 492 439 426 406 0 0
1 39 498 437 428 404 0 0
1 35 498 437 422 400 0 0
1 28 493 430 419 395 0 0
1 16 487 424 415 395 0 0
1 3 492 421 412 392 0 0
1 6 497 422 413 393 0 0
1 13 498 423 418 398 0 0
1 20 497 428 425 403 0 0
1 24 499 430 425 403 0 0
1 24 499 430 425 403 0 0
1 26 493 432 423 401 0 0
1 19 494 427 418 396 0 0
1 12 489 424 413 395 0 0
1 44 493 418 405 389 0 0
1 48 485 418 413 387 0 0
1 53 490 425 418 386 0 0
1 21 496 423 416 396 0 0
1 20 495 432 425 401 0 0
1 16 501 432 421 401 0 0
1 24 495 434 419 403 0 0
1 34 487 436 419 409 0 0
1 39 482 441 426 414 0 0
1 37 488 433 420 412 0 0
1 46 493 428 419 411 0 0
1 55 492 439 420 414 0 0
1 41 492 437 422 402 0 0
1 29 498 435 428 406 0 0
1 23 500 425 424 402 0 0
1 27 498 429 424 404 0 0
1 17 496 431 422 400 0 0
1 23 488 431 416 400 0 0
1 24 485 428 413 405 0 0
1 36 485 434 421 413 0 0
1 36 489 430 421 409 0 0
1 41 492 433 422 410 0 0
1 58 491 438 423 419 0 0
1 57 492 439 420 408 0 0
1 49 490 431 422 394 0 0
1 29 496 431 426 402 0 0
1 20 501 432 423 401 0 0
1 13 496 431 420 400 0 0
1 14 487 428 415 401 0 0
1 24 485 428 413 403 0 0
1 36 485 432 421 411 0 0
1 51 484 437 422 416 0 0
1 61 486 441 422 416 0 0
1 62 487 442 427 417 0 0
1 52 489 438 427 415 0 0
1 36 497 440 427 407 0 0
1 39 498 441 428 406 0 0
1 34 489 434 423 397 0 0
1 33 488 425 412 388 0 0
1 22 485 422 411 387 0 0
1 31 488 423 416 398 0 0
1 47 486 439 420 410 0 0
1 71 490 441 424 414 0 0
1 69 490 445 424 406 0 0
1 67 492 435 420 398 0 0
1 49 490 439 420 408 0 0
1 46 485 446 427 411 0 0
1 43 492 437 426 398 0 0
1 32 487 422 411 387 0 0
1 33 484 429 414 392 0 0
1 25 484 423 414 388 0 0
1 34 485 426 415 399 0 0
1 41 488 431 418 408 0 0
1 45 492 439 422 410 0 0
1 45 488 439 426 414 0 0
1 40 489 436 427 415 0 0
1 49 490 439 426 412 0 0
1 53 488 443 426 408 0 0
1 44 491 434 423 393 0 0
1 29 482 423 410 390 0 0
1 12 487 424 415 393 0 0
1 15 494 423 416 398 0 0
1 22 491 428 417 397 0 0
1 29 496 423 418 394 0 0
1 41 492 423 420 394 0 0
1 46 499 430 415 405 0 0
1 42 489 430 419 403 0 0
1 31 492 437 424 406 0 0
1 23 490 433 420 404 0 0
1 21 492 429 420 396 0 0
1 20 493 424 417 399 0 0
1 19 492 425 420 400 0 0
1 21 496 427 422 400 0 0
1 21 500 425 420 398 0 0
1 24 499 430 425 403 0 0
1 32 495 432 423 407 0 0
1 33 490 437 422 412 0 0
1 26 493 438 425 409 0 0
1 16 493 428 419 395 0 0
1 25 484 423 412 396 0 0
1 30 487 428 415 399 0 0
1 32 495 430 423 399 0 0
1 22 497 426 421 401 0 0
