#systemc_quantizer mode=uniform num_features=32 num_levels=40 layout=feature_major_cut_minor
0 -0.97440000000000004 -0.92310000000000003 -0.87180000000000002 -0.8206 -0.76929999999999998 -0.71799999999999997 -0.66669999999999996 -0.61539999999999995 -0.56420000000000003 -0.51290000000000002 -0.46160000000000001 -0.4103 -0.35899999999999999 -0.30769999999999997 -0.25650000000000001 -0.20519999999999999 -0.15390000000000001 -0.1026 -0.051299999999999998 -0.0001 0.051200000000000002 0.10249999999999999 0.15379999999999999 0.2051 0.25640000000000002 0.30759999999999998 0.3589 0.41020000000000001 0.46150000000000002 0.51280000000000003 0.56410000000000005 0.61529999999999996 0.66659999999999997 0.71789999999999998 0.76919999999999999 0.82050000000000001 0.87170000000000003 0.92300000000000004 0.97430000000000005
1 -0.97440000000000004 -0.92310000000000003 -0.87180000000000002 -0.8206 -0.76929999999999998 -0.71799999999999997 -0.66669999999999996 -0.61539999999999995 -0.56420000000000003 -0.51290000000000002 -0.46160000000000001 -0.4103 -0.35899999999999999 -0.30769999999999997 -0.25650000000000001 -0.20519999999999999 -0.15390000000000001 -0.1026 -0.051299999999999998 -0.0001 0.051200000000000002 0.10249999999999999 0.15379999999999999 0.2051 0.25640000000000002 0.30759999999999998 0.3589 0.41020000000000001 0.46150000000000002 0.51280000000000003 0.56410000000000005 0.61529999999999996 0.66659999999999997 0.71789999999999998 0.76919999999999999 0.82050000000000001 0.87170000000000003 0.92300000000000004 0.97430000000000005
2 -0.97440000000000004 -0.92310000000000003 -0.87180000000000002 -0.8206 -0.76929999999999998 -0.71799999999999997 -0.66669999999999996 -0.61539999999999995 -0.56420000000000003 -0.51290000000000002 -0.46160000000000001 -0.4103 -0.35899999999999999 -0.30769999999999997 -0.25650000000000001 -0.20519999999999999 -0.15390000000000001 -0.1026 -0.051299999999999998 -0.0001 0.051200000000000002 0.10249999999999999 0.15379999999999999 0.2051 0.25640000000000002 0.30759999999999998 0.3589 0.41020000000000001 0.46150000000000002 0.51280000000000003 0.56410000000000005 0.61529999999999996 0.66659999999999997 0.71789999999999998 0.76919999999999999 0.82050000000000001 0.87170000000000003 0.92300000000000004 0.97430000000000005
3 -0.97440000000000004 -0.92310000000000003 -0.87180000000000002 -0.8206 -0.76929999999999998 -0.71799999999999997 -0.66669999999999996 -0.61539999999999995 -0.56420000000000003 -0.51290000000000002 -0.46160000000000001 -0.4103 -0.35899999999999999 -0.30769999999999997 -0.25650000000000001 -0.20519999999999999 -0.15390000000000001 -0.1026 -0.051299999999999998 -0.0001 0.051200000000000002 0.10249999999999999 0.15379999999999999 0.2051 0.25640000000000002 0.30759999999999998 0.3589 0.41020000000000001 0.46150000000000002 0.51280000000000003 0.56410000000000005 0.61529999999999996 0.66659999999999997 0.71789999999999998 0.76919999999999999 0.82050000000000001 0.87170000000000003 0.92300000000000004 0.97430000000000005
4 -0.97440000000000004 -0.92310000000000003 -0.87180000000000002 -0.8206 -0.76929999999999998 -0.71799999999999997 -0.66669999999999996 -0.61539999999999995 -0.56420000000000003 -0.51290000000000002 -0.46160000000000001 -0.4103 -0.35899999999999999 -0.30769999999999997 -0.25650000000000001 -0.20519999999999999 -0.15390000000000001 -0.1026 -0.051299999999999998 -0.0001 0.051200000000000002 0.10249999999999999 0.15379999999999999 0.2051 0.25640000000000002 0.30759999999999998 0.3589 0.41020000000000001 0.46150000000000002 0.51280000000000003 0.56410000000000005 0.61529999999999996 0.66659999999999997 0.71789999999999998 0.76919999999999999 0.82050000000000001 0.87170000000000003 0.92300000000000004 0.97430000000000005
5 -0.97440000000000004 -0.92310000000000003 -0.87180000000000002 -0.8206 -0.76929999999999998 -0.71799999999999997 -0.66669999999999996 -0.61539999999999995 -0.56420000000000003 -0.51290000000000002 -0.46160000000000001 -0.4103 -0.35899999999999999 -0.30769999999999997 -0.25650000000000001 -0.20519999999999999 -0.15390000000000001 -0.1026 -0.051299999999999998 -0.0001 0.051200000000000002 0.10249999999999999 0.15379999999999999 0.2051 0.25640000000000002 0.30759999999999998 0.3589 0.41020000000000001 0.46150000000000002 0.51280000000000003 0.56410000000000005 0.61529999999999996 0.66659999999999997 0.71789999999999998 0.76919999999999999 0.82050000000000001 0.87170000000000003 0.92300000000000004 0.97430000000000005
6 -0.97440000000000004 -0.92310000000000003 -0.87180000000000002 -0.8206 -0.76929999999999998 -0.71799999999999997 -0.66669999999999996 -0.61539999999999995 -0.56420000000000003 -0.51290000000000002 -0.46160000000000001 -0.4103 -0.35899999999999999 -0.30769999999999997 -0.25650000000000001 -0.20519999999999999 -0.15390000000000001 -0.1026 -0.051299999999999998 -0.0001 0.051200000000000002 0.10249999999999999 0.15379999999999999 0.2051 0.25640000000000002 0.30759999999999998 0.3589 0.41020000000000001 0.46150000000000002 0.51280000000000003 0.56410000000000005 0.61529999999999996 0.66659999999999997 0.71789999999999998 0.76919999999999999 0.82050000000000001 0.87170000000000003 0.92300000000000004 0.97430000000000005
7 -0.97440000000000004 -0.92310000000000003 -0.87180000000000002 -0.8206 -0.76929999999999998 -0.71799999999999997 -0.66669999999999996 -0.61539999999999995 -0.56420000000000003 -0.51290000000000002 -0.46160000000000001 -0.4103 -0.35899999999999999 -0.30769999999999997 -0.25650000000000001 -0.20519999999999999 -0.15390000000000001 -0.1026 -0.051299999999999998 -0.0001 0.051200000000000002 0.10249999999999999 0.15379999999999999 0.2051 0.25640000000000002 0.30759999999999998 0.3589 0.41020000000000001 0.46150000000000002 0.51280000000000003 0.56410000000000005 0.61529999999999996 0.66659999999999997 0.71789999999999998 0.76919999999999999 0.82050000000000001 0.87170000000000003 0.92300000000000004 0.97430000000000005
8 -0.97440000000000004 -0.92310000000000003 -0.87180000000000002 -0.8206 -0.76929999999999998 -0.71799999999999997 -0.66669999999999996 -0.61539999999999995 -0.56420000000000003 -0.51290000000000002 -0.46160000000000001 -0.4103 -0.35899999999999999 -0.30769999999999997 -0.25650000000000001 -0.20519999999999999 -0.15390000000000001 -0.1026 -0.051299999999999998 -0.0001 0.051200000000000002 0.10249999999999999 0.15379999999999999 0.2051 0.25640000000000002 0.30759999999999998 0.3589 0.41020000000000001 0.46150000000000002 0.51280000000000003 0.56410000000000005 0.61529999999999996 0.66659999999999997 0.71789999999999998 0.76919999999999999 0.82050000000000001 0.87170000000000003 0.92300000000000004 0.97430000000000005
9 -0.97440000000000004 -0.92310000000000003 -0.87180000000000002 -0.8206 -0.76929999999999998 -0.71799999999999997 -0.66669999999999996 -0.61539999999999995 -0.56420000000000003 -0.51290000000000002 -0.46160000000000001 -0.4103 -0.35899999999999999 -0.30769999999999997 -0.25650000000000001 -0.20519999999999999 -0.15390000000000001 -0.1026 -0.051299999999999998 -0.0001 0.051200000000000002 0.10249999999999999 0.15379999999999999 0.2051 0.25640000000000002 0.30759999999999998 0.3589 0.41020000000000001 0.46150000000000002 0.51280000000000003 0.56410000000000005 0.61529999999999996 0.66659999999999997 0.71789999999999998 0.76919999999999999 0.82050000000000001 0.87170000000000003 0.92300000000000004 0.97430000000000005
10 -0.97440000000000004 -0.92310000000000003 -0.87180000000000002 -0.8206 -0.76929999999999998 -0.71799999999999997 -0.66669999999999996 -0.61539999999999995 -0.56420000000000003 -0.51290000000000002 -0.46160000000000001 -0.4103 -0.35899999999999999 -0.30769999999999997 -0.25650000000000001 -0.20519999999999999 -0.15390000000000001 -0.1026 -0.051299999999999998 -0.0001 0.051200000000000002 0.10249999999999999 0.15379999999999999 0.2051 0.25640000000000002 0.30759999999999998 0.3589 0.41020000000000001 0.46150000000000002 0.51280000000000003 0.56410000000000005 0.61529999999999996 0.66659999999999997 0.71789999999999998 0.76919999999999999 0.82050000000000001 0.87170000000000003 0.92300000000000004 0.97430000000000005
11 -0.97440000000000004 -0.92310000000000003 -0.87180000000000002 -0.8206 -0.76929999999999998 -0.71799999999999997 -0.66669999999999996 -0.61539999999999995 -0.56420000000000003 -0.51290000000000002 -0.46160000000000001 -0.4103 -0.35899999999999999 -0.30769999999999997 -0.25650000000000001 -0.20519999999999999 -0.15390000000000001 -0.1026 -0.051299999999999998 -0.0001 0.051200000000000002 0.10249999999999999 0.15379999999999999 0.2051 0.25640000000000002 0.30759999999999998 0.3589 0.41020000000000001 0.46150000000000002 0.51280000000000003 0.56410000000000005 0.61529999999999996 0.66659999999999997 0.71789999999999998 0.76919999999999999 0.82050000000000001 0.87170000000000003 0.92300000000000004 0.97430000000000005
12 -0.97440000000000004 -0.92310000000000003 -0.87180000000000002 -0.8206 -0.76929999999999998 -0.71799999999999997 -0.66669999999999996 -0.61539999999999995 -0.56420000000000003 -0.51290000000000002 -0.46160000000000001 -0.4103 -0.35899999999999999 -0.30769999999999997 -0.25650000000000001 -0.20519999999999999 -0.15390000000000001 -0.1026 -0.051299999999999998 -0.0001 0.051200000000000002 0.10249999999999999 0.15379999999999999 0.2051 0.25640000000000002 0.30759999999999998 0.3589 0.41020000000000001 0.46150000000000002 0.51280000000000003 0.56410000000000005 0.61529999999999996 0.66659999999999997 0.71789999999999998 0.76919999999999999 0.82050000000000001 0.87170000000000003 0.92300000000000004 0.97430000000000005
13 -0.97440000000000004 -0.92310000000000003 -0.87180000000000002 -0.8206 -0.76929999999999998 -0.71799999999999997 -0.66669999999999996 -0.61539999999999995 -0.56420000000000003 -0.51290000000000002 -0.46160000000000001 -0.4103 -0.35899999999999999 -0.30769999999999997 -0.25650000000000001 -0.20519999999999999 -0.15390000000000001 -0.1026 -0.051299999999999998 -0.0001 0.051200000000000002 0.10249999999999999 0.15379999999999999 0.2051 0.25640000000000002 0.30759999999999998 0.3589 0.41020000000000001 0.46150000000000002 0.51280000000000003 0.56410000000000005 0.61529999999999996 0.66659999999999997 0.71789999999999998 0.76919999999999999 0.82050000000000001 0.87170000000000003 0.92300000000000004 0.97430000000000005
14 -0.97440000000000004 -0.92310000000000003 -0.87180000000000002 -0.8206 -0.76929999999999998 -0.71799999999999997 -0.66669999999999996 -0.61539999999999995 -0.56420000000000003 -0.51290000000000002 -0.46160000000000001 -0.4103 -0.35899999999999999 -0.30769999999999997 -0.25650000000000001 -0.20519999999999999 -0.15390000000000001 -0.1026 -0.051299999999999998 -0.0001 0.051200000000000002 0.10249999999999999 0.15379999999999999 0.2051 0.25640000000000002 0.30759999999999998 0.3589 0.41020000000000001 0.46150000000000002 0.51280000000000003 0.56410000000000005 0.61529999999999996 0.66659999999999997 0.71789999999999998 0.76919999999999999 0.82050000000000001 0.87170000000000003 0.92300000000000004 0.97430000000000005
15 -0.97440000000000004 -0.92310000000000003 -0.87180000000000002 -0.8206 -0.76929999999999998 -0.71799999999999997 -0.66669999999999996 -0.61539999999999995 -0.56420000000000003 -0.51290000000000002 -0.46160000000000001 -0.4103 -0.35899999999999999 -0.30769999999999997 -0.25650000000000001 -0.20519999999999999 -0.15390000000000001 -0.1026 -0.051299999999999998 -0.0001 0.051200000000000002 0.10249999999999999 0.15379999999999999 0.2051 0.25640000000000002 0.30759999999999998 0.3589 0.41020000000000001 0.46150000000000002 0.51280000000000003 0.56410000000000005 0.61529999999999996 0.66659999999999997 0.71789999999999998 0.76919999999999999 0.82050000000000001 0.87170000000000003 0.92300000000000004 0.97430000000000005
16 -0.97440000000000004 -0.92310000000000003 -0.87180000000000002 -0.8206 -0.76929999999999998 -0.71799999999999997 -0.66669999999999996 -0.61539999999999995 -0.56420000000000003 -0.51290000000000002 -0.46160000000000001 -0.4103 -0.35899999999999999 -0.30769999999999997 -0.25650000000000001 -0.20519999999999999 -0.15390000000000001 -0.1026 -0.051299999999999998 -0.0001 0.051200000000000002 0.10249999999999999 0.15379999999999999 0.2051 0.25640000000000002 0.30759999999999998 0.3589 0.41020000000000001 0.46150000000000002 0.51280000000000003 0.56410000000000005 0.61529999999999996 0.66659999999999997 0.71789999999999998 0.76919999999999999 0.82050000000000001 0.87170000000000003 0.92300000000000004 0.97430000000000005
17 -0.97440000000000004 -0.92310000000000003 -0.87180000000000002 -0.8206 -0.76929999999999998 -0.71799999999999997 -0.66669999999999996 -0.61539999999999995 -0.56420000000000003 -0.51290000000000002 -0.46160000000000001 -0.4103 -0.35899999999999999 -0.30769999999999997 -0.25650000000000001 -0.20519999999999999 -0.15390000000000001 -0.1026 -0.051299999999999998 -0.0001 0.051200000000000002 0.10249999999999999 0.15379999999999999 0.2051 0.25640000000000002 0.30759999999999998 0.3589 0.41020000000000001 0.46150000000000002 0.51280000000000003 0.56410000000000005 0.61529999999999996 0.66659999999999997 0.71789999999999998 0.76919999999999999 0.82050000000000001 0.87170000000000003 0.92300000000000004 0.97430000000000005
18 -0.97440000000000004 -0.92310000000000003 -0.87180000000000002 -0.8206 -0.76929999999999998 -0.71799999999999997 -0.66669999999999996 -0.61539999999999995 -0.56420000000000003 -0.51290000000000002 -0.46160000000000001 -0.4103 -0.35899999999999999 -0.30769999999999997 -0.25650000000000001 -0.20519999999999999 -0.15390000000000001 -0.1026 -0.051299999999999998 -0.0001 0.051200000000000002 0.10249999999999999 0.15379999999999999 0.2051 0.25640000000000002 0.30759999999999998 0.3589 0.41020000000000001 0.46150000000000002 0.51280000000000003 0.56410000000000005 0.61529999999999996 0.66659999999999997 0.71789999999999998 0.76919999999999999 0.82050000000000001 0.87170000000000003 0.92300000000000004 0.97430000000000005
19 -0.97440000000000004 -0.92310000000000003 -0.87180000000000002 -0.8206 -0.76929999999999998 -0.71799999999999997 -0.66669999999999996 -0.61539999999999995 -0.56420000000000003 -0.51290000000000002 -0.46160000000000001 -0.4103 -0.35899999999999999 -0.30769999999999997 -0.25650000000000001 -0.20519999999999999 -0.15390000000000001 -0.1026 -0.051299999999999998 -0.0001 0.051200000000000002 0.10249999999999999 0.15379999999999999 0.2051 0.25640000000000002 0.30759999999999998 0.3589 0.41020000000000001 0.46150000000000002 0.51280000000000003 0.56410000000000005 0.61529999999999996 0.66659999999999997 0.71789999999999998 0.76919999999999999 0.82050000000000001 0.87170000000000003 0.92300000000000004 0.97430000000000005
20 -0.97440000000000004 -0.92310000000000003 -0.87180000000000002 -0.8206 -0.76929999999999998 -0.71799999999999997 -0.66669999999999996 -0.61539999999999995 -0.56420000000000003 -0.51290000000000002 -0.46160000000000001 -0.4103 -0.35899999999999999 -0.30769999999999997 -0.25650000000000001 -0.20519999999999999 -0.15390000000000001 -0.1026 -0.051299999999999998 -0.0001 0.051200000000000002 0.10249999999999999 0.15379999999999999 0.2051 0.25640000000000002 0.30759999999999998 0.3589 0.41020000000000001 0.46150000000000002 0.51280000000000003 0.56410000000000005 0.61529999999999996 0.66659999999999997 0.71789999999999998 0.76919999999999999 0.82050000000000001 0.87170000000000003 0.92300000000000004 0.97430000000000005
21 -0.97440000000000004 -0.92310000000000003 -0.87180000000000002 -0.8206 -0.76929999999999998 -0.71799999999999997 -0.66669999999999996 -0.61539999999999995 -0.56420000000000003 -0.51290000000000002 -0.46160000000000001 -0.4103 -0.35899999999999999 -0.30769999999999997 -0.25650000000000001 -0.20519999999999999 -0.15390000000000001 -0.1026 -0.051299999999999998 -0.0001 0.051200000000000002 0.10249999999999999 0.15379999999999999 0.2051 0.25640000000000002 0.30759999999999998 0.3589 0.41020000000000001 0.46150000000000002 0.51280000000000003 0.56410000000000005 0.61529999999999996 0.66659999999999997 0.71789999999999998 0.76919999999999999 0.82050000000000001 0.87170000000000003 0.92300000000000004 0.97430000000000005
22 -0.97440000000000004 -0.92310000000000003 -0.87180000000000002 -0.8206 -0.76929999999999998 -0.71799999999999997 -0.66669999999999996 -0.61539999999999995 -0.56420000000000003 -0.51290000000000002 -0.46160000000000001 -0.4103 -0.35899999999999999 -0.30769999999999997 -0.25650000000000001 -0.20519999999999999 -0.15390000000000001 -0.1026 -0.051299999999999998 -0.0001 0.051200000000000002 0.10249999999999999 0.15379999999999999 0.2051 0.25640000000000002 0.30759999999999998 0.3589 0.41020000000000001 0.46150000000000002 0.51280000000000003 0.56410000000000005 0.61529999999999996 0.66659999999999997 0.71789999999999998 0.76919999999999999 0.82050000000000001 0.87170000000000003 0.92300000000000004 0.97430000000000005
23 -0.97440000000000004 -0.92310000000000003 -0.87180000000000002 -0.8206 -0.76929999999999998 -0.71799999999999997 -0.66669999999999996 -0.61539999999999995 -0.56420000000000003 -0.51290000000000002 -0.46160000000000001 -0.4103 -0.35899999999999999 -0.30769999999999997 -0.25650000000000001 -0.20519999999999999 -0.15390000000000001 -0.1026 -0.051299999999999998 -0.0001 0.051200000000000002 0.10249999999999999 0.15379999999999999 0.2051 0.25640000000000002 0.30759999999999998 0.3589 0.41020000000000001 0.46150000000000002 0.51280000000000003 0.56410000000000005 0.61529999999999996 0.66659999999999997 0.71789999999999998 0.76919999999999999 0.82050000000000001 0.87170000000000003 0.92300000000000004 0.97430000000000005
24 -0.97440000000000004 -0.92310000000000003 -0.87180000000000002 -0.8206 -0.76929999999999998 -0.71799999999999997 -0.66669999999999996 -0.61539999999999995 -0.56420000000000003 -0.51290000000000002 -0.46160000000000001 -0.4103 -0.35899999999999999 -0.30769999999999997 -0.25650000000000001 -0.20519999999999999 -0.15390000000000001 -0.1026 -0.051299999999999998 -0.0001 0.051200000000000002 0.10249999999999999 0.15379999999999999 0.2051 0.25640000000000002 0.30759999999999998 0.3589 0.41020000000000001 0.46150000000000002 0.51280000000000003 0.56410000000000005 0.61529999999999996 0.66659999999999997 0.71789999999999998 0.76919999999999999 0.82050000000000001 0.87170000000000003 0.92300000000000004 0.97430000000000005
25 -0.97440000000000004 -0.92310000000000003 -0.87180000000000002 -0.8206 -0.76929999999999998 -0.71799999999999997 -0.66669999999999996 -0.61539999999999995 -0.56420000000000003 -0.51290000000000002 -0.46160000000000001 -0.4103 -0.35899999999999999 -0.30769999999999997 -0.25650000000000001 -0.20519999999999999 -0.15390000000000001 -0.1026 -0.051299999999999998 -0.0001 0.051200000000000002 0.10249999999999999 0.15379999999999999 0.2051 0.25640000000000002 0.30759999999999998 0.3589 0.41020000000000001 0.46150000000000002 0.51280000000000003 0.56410000000000005 0.61529999999999996 0.66659999999999997 0.71789999999999998 0.76919999999999999 0.82050000000000001 0.87170000000000003 0.92300000000000004 0.97430000000000005
26 -0.97440000000000004 -0.92310000000000003 -0.87180000000000002 -0.8206 -0.76929999999999998 -0.71799999999999997 -0.66669999999999996 -0.61539999999999995 -0.56420000000000003 -0.51290000000000002 -0.46160000000000001 -0.4103 -0.35899999999999999 -0.30769999999999997 -0.25650000000000001 -0.20519999999999999 -0.15390000000000001 -0.1026 -0.051299999999999998 -0.0001 0.051200000000000002 0.10249999999999999 0.15379999999999999 0.2051 0.25640000000000002 0.30759999999999998 0.3589 0.41020000000000001 0.46150000000000002 0.51280000000000003 0.56410000000000005 0.61529999999999996 0.66659999999999997 0.71789999999999998 0.76919999999999999 0.82050000000000001 0.87170000000000003 0.92300000000000004 0.97430000000000005
27 -0.97440000000000004 -0.92310000000000003 -0.87180000000000002 -0.8206 -0.76929999999999998 -0.71799999999999997 -0.66669999999999996 -0.61539999999999995 -0.56420000000000003 -0.51290000000000002 -0.46160000000000001 -0.4103 -0.35899999999999999 -0.30769999999999997 -0.25650000000000001 -0.20519999999999999 -0.15390000000000001 -0.1026 -0.051299999999999998 -0.0001 0.051200000000000002 0.10249999999999999 0.15379999999999999 0.2051 0.25640000000000002 0.30759999999999998 0.3589 0.41020000000000001 0.46150000000000002 0.51280000000000003 0.56410000000000005 0.61529999999999996 0.66659999999999997 0.71789999999999998 0.76919999999999999 0.82050000000000001 0.87170000000000003 0.92300000000000004 0.97430000000000005
28 -0.97440000000000004 -0.92310000000000003 -0.87180000000000002 -0.8206 -0.76929999999999998 -0.71799999999999997 -0.66669999999999996 -0.61539999999999995 -0.56420000000000003 -0.51290000000000002 -0.46160000000000001 -0.4103 -0.35899999999999999 -0.30769999999999997 -0.25650000000000001 -0.20519999999999999 -0.15390000000000001 -0.1026 -0.051299999999999998 -0.0001 0.051200000000000002 0.10249999999999999 0.15379999999999999 0.2051 0.25640000000000002 0.30759999999999998 0.3589 0.41020000000000001 0.46150000000000002 0.51280000000000003 0.56410000000000005 0.61529999999999996 0.66659999999999997 0.71789999999999998 0.76919999999999999 0.82050000000000001 0.87170000000000003 0.92300000000000004 0.97430000000000005
29 -0.97440000000000004 -0.92310000000000003 -0.87180000000000002 -0.8206 -0.76929999999999998 -0.71799999999999997 -0.66669999999999996 -0.61539999999999995 -0.56420000000000003 -0.51290000000000002 -0.46160000000000001 -0.4103 -0.35899999999999999 -0.30769999999999997 -0.25650000000000001 -0.20519999999999999 -0.15390000000000001 -0.1026 -0.051299999999999998 -0.0001 0.051200000000000002 0.10249999999999999 0.15379999999999999 0.2051 0.25640000000000002 0.30759999999999998 0.3589 0.41020000000000001 0.46150000000000002 0.51280000000000003 0.56410000000000005 0.61529999999999996 0.66659999999999997 0.71789999999999998 0.76919999999999999 0.82050000000000001 0.87170000000000003 0.92300000000000004 0.97430000000000005
30 -0.97440000000000004 -0.92310000000000003 -0.87180000000000002 -0.8206 -0.76929999999999998 -0.71799999999999997 -0.66669999999999996 -0.61539999999999995 -0.56420000000000003 -0.51290000000000002 -0.46160000000000001 -0.4103 -0.35899999999999999 -0.30769999999999997 -0.25650000000000001 -0.20519999999999999 -0.15390000000000001 -0.1026 -0.051299999999999998 -0.0001 0.051200000000000002 0.10249999999999999 0.15379999999999999 0.2051 0.25640000000000002 0.30759999999999998 0.3589 0.41020000000000001 0.46150000000000002 0.51280000000000003 0.56410000000000005 0.61529999999999996 0.66659999999999997 0.71789999999999998 0.76919999999999999 0.82050000000000001 0.87170000000000003 0.92300000000000004 0.97430000000000005
31 -0.97440000000000004 -0.92310000000000003 -0.87180000000000002 -0.8206 -0.76929999999999998 -0.71799999999999997 -0.66669999999999996 -0.61539999999999995 -0.56420000000000003 -0.51290000000000002 -0.46160000000000001 -0.4103 -0.35899999999999999 -0.30769999999999997 -0.25650000000000001 -0.20519999999999999 -0.15390000000000001 -0.1026 -0.051299999999999998 -0.0001 0.051200000000000002 0.10249999999999999 0.15379999999999999 0.2051 0.25640000000000002 0.30759999999999998 0.3589 0.41020000000000001 0.46150000000000002 0.51280000000000003 0.56410000000000005 0.61529999999999996 0.66659999999999997 0.71789999999999998 0.76919999999999999 0.82050000000000001 0.87170000000000003 0.92300000000000004 0.97430000000000005
